6570	10757	
6589	6777	8187	10757	
2519	6590	6593	6851	6854	8340	8390	8398	8400	8408	10687	10757	10820	10986	11042	
2252	6588	6671	6777	6780	8187	10757	10953	
365	6441	6850	8400	10681	10757	11036	
193	229	719	927	974	1007	1075	1322	1973	2002	2006	2027	3892	4111	4493	4507	4511	4553	4709	4782	4870	4882	5059	5068	5190	5260	6206	6222	6394	6418	6444	6454	6573	6574	6593	6645	6667	6700	6766	6777	7792	7803	7950	8007	8117	8170	8187	8275	8340	9261	9280	9320	9322	9420	9605	9732	9853	10031	10081	10661	10687	10757	10772	10967	11092	11098	
2519	6261	6590	6850	6854	8398	8400	9870	10757	10775	10986	11035	11042	
2519	6590	6850	6854	8398	8400	10757	10775	10986	11035	11042	
13	14	27	32	87	88	89	108	193	203	219	220	254	330	331	353	360	362	366	369	403	422	463	499	557	563	606	615	634	636	660	664	669	672	685	785	1013	1014	1053	1089	1098	1172	1251	1254	1398	1401	1504	1513	1598	1630	1631	1635	1679	1684	1685	1794	1811	1815	1872	1890	1891	1923	1960	1996	2066	2103	2142	2152	2209	2304	2320	2328	3815	3816	3877	3887	3893	3919	3937	3946	3950	3968	4031	4091	4145	4166	4198	4205	4208	4209	4211	4220	4260	4262	4285	4507	4553	4554	4557	4559	4579	4764	4830	4886	4928	5043	5053	5073	5113	5166	5170	5203	5207	5257	5434	5767	5996	6078	6132	6162	6163	6330	6332	6339	6345	6397	6411	6435	6443	6495	6500	6511	6527	6529	6574	6582	6588	6607	6622	6696	6703	6710	6714	6745	6777	6806	6823	6875	6890	6930	6953	6992	7275	7276	7367	7399	7426	7495	7496	7621	7711	7722	7733	7747	7760	7775	7778	7781	7800	7806	7828	7835	7879	7898	7933	7934	7957	7963	7973	7975	7987	7992	8001	8006	8010	8012	8028	8044	8063	8115	8116	8124	8141	8159	8169	8187	8210	8225	8256	8338	8468	8681	9317	9417	9496	9620	9643	9662	9669	9670	9675	9698	9836	9869	9870	9889	9929	9963	10036	10054	10161	10212	10381	10440	10476	10478	10578	10597	10618	10629	10691	10694	10701	10710	10757	10782	10887	10929	10961	10972	10999	11126	11127	11134	11138	11148	11154	11158	11359	11373	11408	11423	11496	11522	11532	11560	11561	
97	320	473	478	645	693	974	1110	1650	2122	2200	2207	2270	2277	2305	3062	3909	4110	4141	4201	4738	4741	5087	5120	5752	6320	6593	6626	6692	6787	6849	6926	7909	8186	8201	8208	8282	8340	8341	8342	8343	8344	8390	8398	8449	9227	9228	9420	9644	9650	9706	10039	10518	10732	10757	10820	10842	10973	
2305	6593	6787	6849	8340	8390	8398	10757	10820	10973	
24	71	86	87	101	102	114	137	185	189	209	212	229	232	244	248	270	316	324	325	352	397	417	430	432	444	469	491	500	506	556	557	572	576	592	598	614	615	705	707	719	728	781	786	789	812	826	832	858	862	881	889	890	927	931	934	947	948	949	951	971	972	974	997	999	1007	1013	1015	1065	1075	1088	1120	1127	1169	1178	1182	1190	1244	1252	1255	1281	1322	1341	1360	1419	1425	1476	1484	1488	1502	1514	1518	1519	1573	1581	1650	1656	1682	1684	1778	1781	1782	1797	1804	1810	1814	1818	1835	1854	1865	1890	1891	1896	1902	1930	1934	1940	1973	2006	2008	2027	2036	2062	2092	2107	2110	2112	2143	2145	2150	2161	2177	2178	2187	2200	2229	2239	2241	2243	2244	2246	2255	2293	2295	2297	2299	2301	2316	2383	2788	2934	2944	2952	3680	3787	3815	3816	3909	3942	3943	3971	3972	3982	3983	4006	4007	4027	4046	4067	4091	4110	4125	4142	4155	4161	4188	4197	4236	4250	4278	4284	4358	4445	4454	4467	4469	4474	4493	4509	4539	4547	4553	4554	4556	4559	4562	4565	4579	4601	4602	4603	4653	4689	4702	4731	4769	4782	4799	4821	4830	4839	4857	4879	4882	4883	4895	4931	4948	4979	4981	4988	4991	5053	5057	5059	5068	5080	5169	5191	5268	5316	5630	5754	5773	5883	5886	5992	5993	6002	6027	6041	6100	6162	6163	6164	6167	6199	6206	6275	6286	6309	6320	6331	6335	6340	6341	6343	6346	6367	6389	6399	6402	6403	6415	6434	6438	6444	6454	6473	6480	6491	6495	6546	6560	6573	6574	6583	6590	6612	6613	6637	6645	6658	6659	6673	6676	6678	6696	6700	6710	6747	6748	6766	6777	6786	6823	6875	6877	6926	6972	6989	7032	7035	7036	7275	7276	7277	7278	7288	7367	7368	7429	7506	7507	7509	7528	7554	7621	7651	7669	7685	7689	7793	7798	7799	7800	7802	7805	7817	7858	7886	7895	7956	7983	7992	7994	8001	8004	8005	8007	8044	8046	8047	8048	8053	8056	8065	8078	8115	8131	8169	8182	8187	8199	8215	8220	8225	8236	8253	8262	8265	8270	8272	8275	8293	8295	8297	8299	8301	8303	8306	8314	8315	8316	8346	8350	8681	8811	8966	9147	9246	9322	9344	9379	9393	9397	9398	9402	9418	9420	9474	9483	9542	9588	9590	9609	9612	9636	9640	9643	9669	9685	9743	9747	9751	9759	9788	9807	9836	9851	9855	9856	9869	9927	9930	9933	9976	9978	9990	10029	10036	10088	10208	10235	10272	10354	10445	10464	10480	10482	10551	10584	10656	10666	10691	10757	10772	10778	10794	10839	10848	10868	10889	10890	10891	10914	10932	10967	10974	10999	11005	11017	11088	11092	11130	11135	11136	11139	11142	11146	11161	11331	11370	11496	11497	11529	
24	71	86	87	114	137	185	189	229	232	244	324	325	352	397	417	430	469	491	572	576	592	598	614	615	705	707	719	728	781	786	826	832	858	862	881	927	931	934	947	948	949	951	971	972	974	997	999	1007	1013	1015	1065	1075	1088	1120	1127	1169	1178	1182	1190	1244	1252	1255	1322	1341	1419	1425	1476	1484	1488	1502	1514	1518	1519	1573	1581	1682	1684	1778	1781	1782	1797	1810	1814	1818	1865	1890	1891	1902	1934	1973	2006	2008	2027	2036	2092	2110	2112	2143	2150	2161	2178	2187	2200	2239	2241	2243	2244	2246	2255	2293	2295	2297	2299	2301	2383	2934	2944	3680	3787	3815	3816	3909	3942	3943	3971	3972	3982	3983	4046	4067	4091	4110	4125	4142	4161	4197	4236	4250	4278	4284	4358	4445	4454	4474	4493	4509	4547	4553	4554	4556	4565	4579	4603	4653	4689	4702	4731	4769	4782	4821	4857	4882	4883	4895	4931	4991	5053	5059	5068	5080	5169	5191	5268	5316	5630	5773	5883	5886	5992	5993	6002	6027	6041	6100	6162	6163	6164	6167	6199	6206	6286	6320	6331	6335	6340	6343	6346	6367	6389	6399	6403	6415	6434	6438	6444	6454	6473	6480	6491	6495	6546	6560	6573	6574	6590	6612	6637	6645	6658	6659	6673	6676	6678	6696	6700	6710	6747	6748	6766	6777	6786	6823	6875	6877	6926	6972	6989	7032	7035	7036	7288	7506	7507	7509	7528	7554	7651	7685	7793	7799	7800	7802	7805	7817	7895	7956	7983	7992	7994	8001	8004	8005	8007	8044	8046	8047	8048	8053	8056	8065	8078	8115	8131	8187	8199	8215	8220	8225	8236	8253	8262	8265	8270	8272	8275	8293	8295	8297	8299	8301	8303	8306	8314	8315	8316	8346	8681	8966	9147	9246	9322	9344	9379	9393	9398	9402	9418	9420	9474	9483	9542	9588	9590	9612	9640	9669	9743	9747	9751	9788	9836	9855	9869	9930	9933	9976	9978	9990	10029	10036	10088	10208	10235	10272	10354	10445	10480	10482	10551	10584	10656	10666	10691	10757	10772	10794	10839	10848	10868	10889	10890	10932	10967	10974	10999	11005	11017	11088	11092	11130	11136	11139	11142	11146	11161	11370	11529	
187	199	205	212	227	316	402	404	506	556	603	721	840	928	938	945	978	1021	1068	1069	1098	1135	1245	1248	1335	1344	1506	1516	1588	1615	1616	1632	1894	1896	1928	1958	1996	2007	2009	2034	2067	2104	2113	2145	2177	2204	2248	2304	2412	3882	3885	3904	3906	4028	4208	4387	4393	4505	4512	4516	4600	4625	4641	4643	4668	4729	4730	4948	4950	5767	5790	6036	6275	6276	6277	6315	6323	6365	6387	6435	6455	6512	6518	6568	6588	6593	6617	6672	6714	6726	6738	6768	6793	6850	6928	6944	6953	7212	7214	7219	7268	7351	7616	7691	7792	7796	7808	7886	7893	7898	7934	7962	8058	8060	8063	8117	8124	8139	8170	8249	8274	8304	8338	8340	8398	8400	8759	9243	9261	9314	9335	9417	9453	9466	9522	9526	9596	9613	9620	9704	9898	9912	9963	9975	10031	10315	10568	10578	10687	10728	10757	10758	10782	10791	10800	10803	10821	10838	10903	10914	10956	11035	11116	11141	11323	
6588	6593	6850	8340	8398	8400	10687	10757	11035	
138	205	212	316	506	556	978	1245	1248	1344	1420	1588	1598	1613	1632	1647	1818	1894	1896	1996	2007	2104	2113	2145	2177	2305	3882	3885	3904	3906	4028	4111	4304	4316	4387	4553	4600	4729	4782	4948	4950	5054	5767	6275	6277	6315	6365	6387	6435	6500	6512	6518	6672	6726	6745	6768	6777	6787	6793	6928	6953	7792	7886	7934	8029	8040	8058	8060	8063	8117	8124	8170	8187	8321	8338	9261	9417	9453	9466	9648	9751	9898	9929	10578	10728	10757	10791	10838	10839	10914	10956	10973	10979	11116	11141	
1124	1126	6576	6588	6696	6784	8284	10700	10757	10968	
13	71	89	113	119	136	185	189	199	203	209	212	219	220	227	232	254	305	316	450	487	506	515	556	563	615	656	719	721	826	927	934	939	949	974	999	1007	1015	1024	1049	1068	1075	1088	1089	1098	1322	1328	1475	1510	1581	1607	1613	1634	1635	1682	1778	1781	1782	1795	1819	1934	1935	1939	1973	2034	2066	2076	2092	2127	2143	2150	2161	2177	2187	2373	2374	2383	3861	3945	3982	4091	4180	4197	4201	4252	4285	4292	4358	4364	4395	4493	4495	4553	4555	4556	4557	4559	4560	4561	4579	4594	4597	4623	4709	4729	4785	4799	4882	4928	4951	4979	5038	5053	5056	5068	5072	5118	5169	5258	5551	5742	5798	6065	6185	6206	6223	6259	6260	6323	6329	6335	6340	6399	6416	6435	6454	6455	6477	6500	6529	6545	6546	6573	6574	6590	6591	6637	6645	6712	6714	6748	6751	6782	6783	6823	6850	6944	6969	7275	7276	7367	7429	7621	7796	7802	7808	7819	7869	7950	7957	8008	8028	8048	8065	8077	8120	8121	8122	8150	8179	8180	8185	8189	8204	8210	8220	8236	8247	8321	8346	8398	8400	8681	8811	9315	9333	9335	9373	9425	9496	9543	9605	9617	9620	9640	9643	9654	9662	9686	9807	9853	9927	9939	9976	9977	9985	10017	10039	10072	10207	10235	10481	10482	10545	10568	10584	10699	10717	10747	10757	10762	10775	10839	10913	10936	10999	11035	11092	11099	11125	11130	11156	11167	11331	11496	
13	71	89	119	136	185	189	199	203	209	212	219	220	227	232	254	305	316	450	487	506	515	556	563	615	656	719	721	826	927	934	939	949	974	999	1007	1015	1024	1049	1068	1075	1088	1089	1098	1322	1328	1475	1510	1581	1607	1613	1634	1635	1778	1781	1782	1795	1819	1934	1939	1973	2034	2066	2076	2092	2127	2150	2161	2177	2187	2373	2374	2383	3861	3945	3982	4091	4180	4197	4201	4252	4285	4292	4358	4364	4395	4493	4495	4553	4555	4556	4557	4559	4579	4594	4597	4623	4709	4729	4785	4799	4882	4928	4951	4979	5038	5053	5056	5068	5072	5118	5169	5258	5551	5742	5798	6065	6185	6206	6223	6259	6260	6323	6329	6335	6340	6399	6416	6435	6454	6455	6477	6500	6529	6545	6546	6573	6574	6590	6637	6645	6712	6714	6748	6751	6782	6783	6823	6850	6944	6969	7275	7276	7367	7429	7621	7802	7808	7819	7869	7950	7957	8008	8028	8048	8065	8077	8120	8121	8122	8150	8179	8180	8185	8189	8204	8210	8220	8236	8247	8321	8346	8398	8400	8681	8811	9315	9333	9335	9373	9425	9496	9543	9605	9617	9620	9640	9643	9654	9662	9686	9807	9853	9939	9976	9977	9985	10017	10039	10072	10207	10235	10481	10482	10545	10568	10584	10699	10717	10747	10757	10762	10775	10839	10913	10936	10999	11035	11092	11099	11125	11130	11156	11167	11331	11496	
248	341	366	789	815	823	827	969	1034	1318	1337	1412	1506	1584	1615	1616	1650	1656	2116	2203	2353	2788	2884	2944	3387	3883	3894	3898	3901	3905	4006	4027	4109	4393	4445	4469	4473	4492	4509	4548	4550	4601	4839	4879	4899	4981	4984	4988	5167	5190	5232	6341	6402	6495	6496	6576	6588	6632	6700	6741	6746	6766	6777	6798	6933	7801	7817	7973	8187	8198	8275	8649	8949	8952	9243	9417	9522	9588	9644	9851	9916	9993	10029	10031	10757	10766	10896	10967	10970	10990	11031	11048	11135	
827	1412	6632	6741	6777	8187	10757	10766	
195	341	434	556	592	685	693	786	832	947	999	1215	1216	1398	1400	1420	1436	1437	1514	1598	1613	1630	1631	1679	1684	1818	1890	1891	1902	1903	2044	2062	2082	2110	2112	2177	2283	2323	2884	3898	4110	4111	4200	4236	4279	4454	4489	4493	4550	4553	4568	4685	4705	4730	4782	4914	4967	5131	5166	5190	5774	6100	6338	6389	6437	6443	6444	6456	6496	6517	6588	6590	6597	6609	6638	6748	6766	6786	6798	6823	6933	6942	7804	7839	7880	8028	8040	8046	8047	8137	8159	8184	8275	8306	8321	8534	8649	8683	9243	9285	9317	9339	9417	9418	9464	9538	9645	9648	9656	9669	9681	9751	9871	9877	9910	9978	9985	10031	10212	10566	10757	10759	10760	10839	10905	10922	10936	10967	10974	10990	11000	11031	11048	11133	11142	11167	
195	341	434	556	592	685	693	786	832	947	999	1215	1216	1398	1400	1420	1436	1437	1514	1598	1613	1630	1631	1679	1684	1818	1890	1891	1902	1903	2044	2062	2082	2110	2112	2177	2283	2323	2884	3898	4110	4111	4200	4236	4279	4454	4489	4493	4550	4553	4568	4685	4705	4730	4782	4914	4967	5131	5190	5774	6100	6338	6389	6437	6443	6444	6456	6496	6517	6588	6590	6597	6609	6638	6748	6766	6786	6798	6823	6933	6942	7804	7839	7880	8028	8040	8046	8047	8137	8159	8184	8275	8306	8321	8534	8649	8683	9243	9285	9317	9339	9417	9418	9464	9538	9645	9648	9656	9669	9681	9751	9871	9877	9910	9978	9985	10031	10212	10566	10757	10759	10839	10905	10922	10936	10967	10974	10990	11000	11031	11048	11133	11142	11167	
1	83	85	87	88	89	119	136	140	142	193	199	209	227	245	254	262	297	330	331	342	347	398	400	407	438	451	476	505	563	595	596	605	636	653	656	662	672	719	926	927	969	974	1007	1013	1014	1024	1053	1068	1075	1088	1135	1169	1172	1178	1262	1322	1344	1349	1401	1415	1499	1581	1588	1611	1633	1682	1816	1894	1958	1972	1973	1996	2007	2034	2041	2052	2066	2089	2092	2113	2143	2148	2150	2161	2187	2190	2205	2239	2240	2243	2244	2246	2255	2293	2295	2297	2299	2301	2305	2325	2329	2383	3034	3806	3815	3816	3885	3887	3890	3896	3919	3937	3948	4028	4091	4145	4176	4197	4198	4207	4209	4349	4358	4361	4364	4478	4522	4556	4557	4579	4597	4605	4625	4688	4709	4729	4733	4747	4799	4816	4875	4950	4951	4992	5068	5143	5167	5169	5174	5187	5191	5334	5449	5477	5600	5845	5882	5994	6009	6010	6026	6039	6041	6082	6098	6145	6148	6162	6163	6206	6231	6260	6282	6286	6290	6315	6318	6321	6325	6326	6327	6346	6357	6366	6379	6411	6431	6435	6454	6455	6473	6495	6500	6511	6576	6617	6618	6645	6658	6672	6695	6710	6716	6746	6747	6750	6755	6768	6777	6787	6793	6875	6936	6944	6967	6985	6991	7711	7722	7733	7747	7762	7768	7775	7778	7781	7799	7808	7812	7818	7846	7864	7885	7895	7899	7907	7950	7963	7973	7989	7992	7994	7997	8001	8006	8007	8009	8012	8058	8116	8123	8179	8183	8187	8189	8210	8220	8221	8225	8236	8248	8262	8265	8270	8272	8293	8295	8297	8299	8301	8303	8305	8316	8346	8354	8372	8688	8811	9276	9314	9371	9446	9532	9620	9650	9654	9662	9743	9807	9869	9870	9889	9930	9932	9938	9943	9963	9983	9990	9993	10006	10029	10185	10231	10286	10315	10406	10439	10545	10568	10584	10631	10656	10691	10694	10705	10717	10731	10755	10757	10758	10803	10808	10838	10860	10913	10935	10956	10961	10973	10983	11005	11082	11092	11122	11139	11148	11163	
97	326	327	785	975	999	1034	1128	1162	1175	1182	1476	1513	1610	1684	1822	1995	2002	2122	2132	2397	2398	2399	2400	3387	3893	4067	4110	4193	4235	4236	4373	4391	4492	4523	4726	4728	4792	5072	5120	5190	5965	6301	6309	6394	6491	6513	6588	6590	6696	6766	6786	6850	7824	7991	8051	8172	8201	8275	8306	8398	8400	8947	8949	8952	9398	9406	9417	9523	9527	9640	9643	9648	9669	9751	9796	9820	9997	10463	10465	10629	10757	10839	10841	10899	10965	10967	10974	11035	
1128	6513	6588	6696	6850	8398	8400	10757	10899	11035	
13	71	87	96	120	141	146	189	221	227	228	232	257	316	326	327	341	349	403	413	414	457	463	464	465	503	506	595	596	602	629	659	668	676	719	728	927	934	942	1007	1013	1015	1033	1069	1075	1088	1105	1172	1175	1178	1182	1245	1248	1395	1414	1420	1581	1584	1598	1613	1647	1783	1797	1818	1820	1822	1896	1898	1903	1973	1977	1978	2002	2026	2092	2127	2132	2145	2161	2187	2207	2235	2238	2245	2247	2250	2292	2294	2296	2298	2300	2302	2397	2398	2399	2400	3047	3048	3049	3050	3051	3052	3053	3055	3056	3057	3060	3061	3205	3300	3387	3663	3712	3726	3739	3769	3770	3771	3822	3827	3831	3854	3937	3982	4034	4083	4197	4201	4208	4209	4261	4300	4358	4373	4391	4492	4507	4523	4553	4556	4559	4573	4579	4692	4694	4726	4728	4730	4782	4895	4920	4921	5042	5116	5118	5169	5190	5226	5762	5942	5977	5995	6004	6038	6069	6095	6141	6152	6159	6161	6181	6189	6275	6277	6290	6301	6309	6318	6323	6326	6327	6335	6340	6343	6345	6367	6387	6394	6411	6453	6477	6529	6573	6590	6596	6612	6626	6654	6672	6680	6714	6745	6766	6777	6786	6818	6872	6936	6950	7792	7819	7835	7886	7909	7950	7983	8008	8028	8040	8116	8117	8147	8170	8172	8187	8204	8206	8214	8236	8266	8268	8269	8271	8275	8278	8282	8294	8296	8298	8300	8302	8306	8321	8340	8345	8359	8446	8448	8458	8471	8578	8776	9225	9226	9261	9333	9360	9373	9417	9420	9425	9427	9458	9483	9496	9523	9640	9643	9648	9653	9669	9703	9706	9751	9765	9863	9929	9976	9985	9997	10006	10015	10017	10039	10400	10462	10463	10516	10575	10584	10655	10691	10757	10772	10775	10786	10839	10892	10907	10936	10965	10967	10974	10979	11020	11122	11130	11136	11138	
44	46	135	149	264	410	411	450	556	592	696	826	832	869	881	883	915	916	919	920	999	1035	1047	1068	1080	1123	1138	1169	1314	1400	1476	1479	1480	1485	1607	1635	1684	1685	1781	1782	1862	1872	1890	1891	1895	1897	1912	1932	1934	1939	1996	1997	2024	2036	2048	2052	2103	2111	2149	2177	2189	2212	2218	2239	2243	2244	2246	2252	2255	2272	2273	2274	2293	2295	2297	2299	2301	2321	2391	2884	2944	3896	4035	4047	4169	4180	4244	4284	4285	4350	4353	4378	4393	4493	4495	4548	4554	4555	4623	4671	4691	4697	4762	4821	4937	4938	4992	5086	5186	5352	5738	5767	5773	5799	5852	5967	6041	6242	6332	6389	6395	6431	6435	6437	6456	6496	6536	6545	6546	6574	6588	6613	6614	6620	6622	6631	6634	6644	6645	6696	6700	6702	6721	6724	6746	6778	6780	6785	6823	6850	6944	6947	6983	7799	7808	7869	7895	7984	7986	7991	7994	7997	8005	8007	8046	8047	8048	8051	8055	8157	8195	8221	8262	8265	8270	8272	8293	8295	8297	8299	8301	8303	8316	8398	8400	8499	8681	9285	9332	9339	9512	9518	9522	9542	9588	9605	9607	9619	9712	9718	9732	9735	9772	9775	9836	9853	9887	9975	10078	10236	10237	10270	10568	10571	10699	10727	10731	10757	10802	10805	10829	10868	10909	10921	10953	10993	10999	11005	11035	11047	11127	
44	46	410	411	450	556	592	696	826	832	869	883	915	916	919	920	999	1035	1047	1080	1123	1138	1169	1479	1480	1485	1635	1781	1782	1862	1895	1897	1912	1996	2036	2052	2103	2111	2149	2177	2189	2212	2218	2239	2243	2244	2246	2252	2255	2293	2295	2297	2299	2301	2321	2884	4047	4169	4180	4244	4285	4378	4493	4548	4554	4691	4697	4762	4821	4937	4938	4992	5086	5352	5738	5767	5773	5799	5852	5967	6041	6332	6389	6395	6435	6437	6456	6496	6536	6545	6546	6574	6588	6613	6620	6622	6631	6645	6696	6700	6702	6721	6724	6746	6778	6780	6785	6823	6850	6983	7799	7869	7895	7984	7986	7994	8046	8047	8048	8055	8157	8195	8221	8262	8265	8270	8272	8293	8295	8297	8299	8301	8303	8398	8400	8499	8681	9285	9339	9512	9518	9542	9605	9619	9712	9732	9772	9775	9836	9853	9887	10078	10236	10237	10270	10699	10727	10731	10757	10802	10805	10868	10909	10921	10953	10993	10999	11005	11035	11047	11127	
827	6632	6741	6777	8187	10757	10767	
13	28	45	47	65	87	89	104	105	137	149	155	184	190	199	227	243	258	259	267	308	410	411	422	436	469	505	563	576	583	834	918	926	931	974	1010	1013	1016	1023	1068	1098	1169	1313	1364	1475	1523	1584	1607	1613	1648	1773	1818	1903	1919	1922	1931	1956	1972	2020	2034	2066	2113	2189	2198	2204	2239	2243	2244	2246	2255	2293	2295	2297	2299	2301	2321	2323	2329	2383	2653	3904	3906	3910	3919	4007	4053	4090	4100	4111	4125	4184	4300	4443	4492	4517	4553	4554	4556	4557	4559	4580	4672	4687	4698	4784	4908	4928	4974	4980	5042	5058	5059	5068	5069	5072	5080	5097	5201	5398	5653	5794	5883	6041	6042	6068	6099	6245	6301	6325	6331	6350	6438	6454	6455	6480	6500	6517	6529	6568	6571	6577	6588	6590	6634	6644	6645	6659	6672	6700	6714	6740	6747	6765	6766	6768	6794	6852	6928	6944	7396	7480	7482	7670	7799	7802	7804	7808	7848	7885	7895	7950	7985	7994	8005	8006	8007	8010	8131	8147	8172	8210	8214	8224	8249	8262	8265	8267	8270	8272	8275	8293	8295	8297	8299	8301	8303	8410	8468	8533	8624	9243	9260	9284	9427	9455	9464	9496	9572	9612	9620	9640	9669	9670	9704	9718	9733	9735	9751	9870	9889	9931	9932	9997	10003	10027	10031	10080	10223	10274	10478	10480	10553	10568	10656	10666	10717	10757	10826	10839	10863	10903	10905	10929	10935	10956	10965	10967	10996	11005	11040	11088	11116	11354	11406	
88	98	122	228	316	463	489	490	495	506	562	595	596	658	693	785	823	832	869	873	883	916	919	920	951	999	1006	1014	1032	1042	1053	1088	1100	1112	1113	1120	1135	1245	1248	1356	1395	1415	1418	1506	1513	1573	1581	1593	1598	1604	1615	1616	1632	1647	1684	1830	1860	1872	1890	1891	1896	1898	1980	1998	2005	2007	2009	2026	2077	2092	2103	2112	2132	2145	2148	2152	2161	2175	2187	2230	2272	2273	2274	2310	2313	2380	2381	2391	2397	2398	2399	2400	2820	3387	3815	3816	3844	3845	3882	3893	3908	3909	3962	4049	4110	4176	4197	4209	4236	4244	4269	4270	4358	4390	4392	4394	4507	4548	4549	4596	4600	4625	4647	4653	4674	4692	4694	4704	4729	4731	4929	5005	5053	5076	5090	5101	5116	5162	5169	5187	5232	5419	5465	5505	5561	5712	5714	5755	5803	5968	6100	6121	6162	6163	6177	6238	6275	6290	6318	6320	6326	6327	6345	6346	6363	6379	6389	6394	6399	6426	6435	6443	6491	6530	6543	6544	6573	6574	6587	6596	6617	6658	6696	6710	6746	6777	6786	6793	6823	6859	6875	6885	6926	6936	6940	6953	6991	7777	7811	7887	7992	8001	8003	8028	8039	8044	8046	8048	8063	8117	8130	8132	8160	8183	8187	8194	8207	8236	8306	8321	8338	8346	8469	8683	9208	9271	9314	9341	9402	9417	9473	9501	9617	9639	9653	9730	9743	9836	9868	9869	9985	9992	10154	10172	10237	10386	10436	10494	10545	10564	10578	10584	10640	10691	10705	10707	10729	10732	10757	10772	10777	10791	10802	10803	10813	10838	10848	10860	10908	10936	10938	10974	11000	11045	11122	11138	11139	11150	
87	209	341	513	956	974	1013	1169	1820	1976	2243	2383	2409	2884	3883	3894	3897	3901	3905	4111	4200	4393	4492	4498	4545	4546	4597	4709	4726	4730	4799	4882	4991	5033	5190	6017	6018	6026	6031	6300	6301	6315	6496	6500	6588	6590	6645	6748	6784	6798	7802	7878	7954	7955	7960	7961	7994	8053	8065	8153	8284	8649	8811	8947	9009	9522	9527	9604	9644	9645	9648	9669	9751	9757	9807	10757	10774	10839	10841	10932	10949	10968	11048	11167	
2884	6496	6588	6590	6784	6798	8284	8649	10757	10968	11048	
44	45	46	47	89	103	105	119	120	136	189	209	227	229	254	258	263	304	316	326	350	352	361	362	397	410	411	417	418	424	430	442	445	453	457	463	468	488	490	506	580	592	602	603	651	656	685	694	716	719	728	826	832	849	860	927	945	963	974	999	1007	1016	1023	1069	1075	1088	1123	1172	1179	1182	1190	1215	1328	1341	1481	1484	1502	1510	1570	1581	1631	1634	1902	1928	1931	1934	1939	1973	1977	1978	2031	2034	2043	2044	2077	2092	2131	2141	2150	2161	2187	2189	2229	2235	2238	2245	2247	2248	2267	2292	2294	2296	2298	2300	2302	2305	2321	2357	2383	3339	3668	3937	3969	3970	4067	4091	4100	4110	4180	4188	4197	4198	4201	4250	4251	4252	4263	4270	4272	4305	4321	4358	4373	4493	4495	4509	4511	4515	4517	4545	4553	4555	4556	4557	4559	4566	4577	4594	4597	4623	4663	4689	4698	4709	4756	4769	4774	4785	4799	4821	4882	4931	4951	4979	4991	5038	5076	5086	5091	5101	5141	5169	5175	5176	5190	5207	5235	5597	5715	5750	5880	5888	5940	5991	5997	6017	6018	6026	6031	6038	6069	6138	6153	6185	6290	6318	6326	6327	6335	6343	6411	6416	6436	6437	6456	6495	6500	6530	6542	6573	6574	6575	6577	6584	6604	6613	6614	6618	6631	6637	6645	6672	6678	6696	6702	6714	6738	6748	6754	6766	6777	6778	6787	6807	6823	6871	6936	6950	6968	6972	6975	7275	7276	7367	7621	7716	7727	7738	7751	7798	7802	7810	7824	7842	7847	7851	7869	7873	7899	7911	7950	7952	7985	7989	8008	8012	8026	8029	8032	8046	8047	8048	8057	8060	8065	8143	8182	8187	8206	8210	8213	8215	8220	8266	8268	8269	8271	8274	8275	8278	8280	8294	8296	8298	8300	8302	8304	8314	8315	8316	8321	8345	8468	8681	8688	8811	9147	9225	9226	9260	9283	9284	9285	9339	9360	9363	9393	9411	9501	9502	9588	9605	9640	9643	9649	9654	9672	9704	9712	9727	9740	9759	9774	9807	9836	9853	9870	9888	9912	9936	9942	9975	9985	10006	10015	10237	10267	10353	10462	10472	10516	10551	10575	10579	10584	10629	10658	10677	10691	10698	10699	10730	10757	10772	10774	10783	10786	10808	10849	10860	10868	10913	10932	10936	10967	10973	10999	11017	11122	11130	11136	11144	11167	11331	11383	11496	
44	45	46	47	89	119	120	136	189	209	227	229	254	258	263	304	316	326	350	352	361	362	397	410	411	417	418	424	430	442	445	453	457	463	468	488	490	506	580	592	602	603	651	656	685	694	716	719	728	826	832	860	927	945	963	974	999	1007	1016	1023	1069	1075	1088	1123	1172	1179	1182	1190	1215	1328	1341	1481	1484	1502	1510	1570	1581	1631	1634	1902	1934	1939	1973	1977	1978	2031	2034	2043	2044	2077	2092	2131	2141	2150	2161	2187	2189	2235	2238	2245	2247	2248	2267	2292	2294	2296	2298	2300	2302	2305	2321	2357	2383	3339	3668	3937	3969	3970	4067	4091	4100	4110	4180	4197	4198	4201	4250	4251	4252	4263	4270	4272	4305	4321	4358	4373	4493	4495	4509	4511	4515	4517	4545	4553	4555	4556	4557	4559	4566	4577	4594	4597	4623	4663	4689	4698	4709	4756	4769	4774	4785	4799	4821	4882	4931	4951	4979	4991	5038	5076	5086	5091	5101	5141	5169	5175	5176	5190	5207	5235	5597	5715	5750	5880	5888	5940	5991	5997	6017	6018	6026	6031	6038	6069	6138	6153	6185	6290	6318	6326	6327	6335	6343	6411	6416	6436	6437	6456	6495	6500	6530	6542	6573	6574	6575	6577	6584	6604	6613	6614	6618	6631	6637	6645	6672	6678	6696	6702	6714	6738	6748	6754	6766	6777	6778	6787	6807	6823	6871	6936	6950	6968	6972	6975	7275	7276	7367	7621	7716	7727	7738	7751	7802	7810	7824	7842	7847	7851	7869	7873	7899	7911	7950	7952	7985	7989	8008	8012	8026	8029	8032	8046	8047	8048	8057	8060	8065	8143	8187	8206	8210	8213	8215	8220	8266	8268	8269	8271	8274	8275	8278	8280	8294	8296	8298	8300	8302	8304	8314	8315	8316	8321	8345	8468	8681	8688	8811	9147	9225	9226	9260	9283	9284	9285	9339	9360	9363	9393	9411	9501	9502	9605	9640	9643	9649	9654	9672	9704	9712	9727	9740	9759	9774	9807	9836	9853	9870	9888	9912	9936	9942	9975	9985	10006	10015	10237	10267	10353	10462	10472	10516	10551	10575	10579	10584	10629	10658	10677	10691	10698	10699	10730	10757	10772	10774	10783	10786	10808	10849	10860	10868	10913	10932	10936	10967	10973	10999	11017	11122	11130	11136	11144	11167	11331	11383	11496	
13	14	24	27	88	108	137	193	201	221	342	347	357	401	403	478	491	494	499	557	636	673	686	696	790	926	932	941	969	971	973	1014	1015	1033	1034	1035	1052	1077	1080	1110	1135	1169	1382	1401	1414	1415	1517	1593	1633	1650	1662	1781	1782	1783	1794	1818	1912	1933	1935	1941	1956	1988	1996	1997	2053	2132	2151	2178	2204	2239	2243	2244	2246	2250	2255	2293	2295	2297	2299	2301	2353	2397	2398	2399	2400	2426	2918	2945	2949	3385	3844	3845	3882	3892	3898	3904	3909	3936	3942	3943	3983	3996	4109	4111	4144	4154	4170	4176	4204	4208	4211	4269	4278	4281	4378	4390	4392	4393	4492	4498	4507	4524	4552	4554	4595	4747	4751	4845	4883	4899	4992	4993	5006	5015	5052	5080	5087	5096	5112	5116	5173	5186	5254	5292	5566	5569	5740	5767	5770	5871	5999	6041	6177	6213	6222	6236	6308	6320	6339	6344	6346	6389	6395	6415	6434	6435	6438	6444	6469	6510	6522	6529	6545	6546	6568	6576	6582	6588	6612	6617	6626	6658	6659	6667	6692	6710	6721	6729	6746	6786	6806	6845	6850	6926	6934	6953	6988	7399	7495	7705	7793	7799	7804	7835	7895	7909	7916	7933	7934	7938	7940	7958	7962	7970	7983	7994	8039	8115	8117	8157	8160	8179	8199	8204	8207	8219	8221	8249	8253	8256	8262	8265	8270	8272	8293	8295	8297	8299	8301	8303	8306	8337	8338	8340	8350	8400	8947	8949	8952	9417	9420	9425	9478	9483	9496	9518	9522	9527	9532	9543	9610	9632	9647	9669	9687	9691	9706	9741	9751	9797	9854	9869	9887	9889	9901	9902	9971	9972	10017	10039	10162	10223	10380	10437	10545	10578	10597	10640	10689	10694	10705	10731	10757	10802	10803	10839	10841	10876	10887	10889	10896	10903	10921	10972	10974	11005	11029	11030	11036	11098	11134	11137	11139	11158	11359	11408	11410	11522	11560	
13	14	24	108	193	201	221	342	357	403	494	636	673	686	696	969	1033	1035	1052	1077	1080	1135	1169	1382	1401	1414	1593	1633	1650	1662	1781	1782	1783	1818	1912	1988	1996	2053	2178	2204	2239	2243	2244	2246	2250	2255	2293	2295	2297	2299	2301	2426	2918	3385	3882	3892	3898	3904	3936	3942	3943	4111	4144	4170	4208	4269	4278	4378	4390	4392	4393	4492	4507	4552	4554	4747	4845	4992	4993	5006	5015	5052	5087	5096	5173	5254	5292	5566	5740	5767	5770	5871	6041	6213	6222	6236	6308	6344	6346	6389	6395	6415	6435	6444	6510	6529	6545	6546	6568	6576	6582	6588	6612	6617	6658	6667	6692	6710	6721	6729	6746	6786	6806	6845	6850	6934	6953	6988	7399	7495	7799	7835	7895	7916	7934	7962	7970	7983	7994	8039	8117	8157	8160	8179	8199	8221	8249	8253	8256	8262	8265	8270	8272	8293	8295	8297	8299	8301	8303	8306	8337	8338	8340	8400	9417	9420	9425	9483	9496	9518	9522	9532	9543	9610	9632	9669	9687	9691	9751	9869	9887	9889	9901	9902	9971	9972	10162	10223	10380	10437	10545	10578	10597	10640	10694	10705	10731	10757	10802	10803	10839	10876	10903	10921	10972	10974	11005	11029	11030	11036	11098	11137	11139	11158	11359	11408	11410	11522	11560	
15	28	65	88	89	102	104	105	127	190	191	199	212	226	228	248	256	267	270	303	341	350	352	354	417	426	430	450	464	465	467	491	499	503	526	527	531	533	535	537	538	539	540	541	556	557	560	561	583	585	601	634	659	668	719	721	726	754	755	756	777	778	785	789	801	812	815	823	834	836	908	909	927	944	971	974	1007	1010	1014	1031	1032	1042	1051	1068	1075	1088	1100	1123	1126	1144	1145	1150	1162	1192	1193	1194	1225	1228	1233	1238	1328	1341	1344	1352	1398	1484	1486	1501	1502	1513	1517	1581	1635	1656	1679	1682	1693	1802	1804	1808	1809	1811	1814	1830	1835	1854	1860	1862	1872	1898	1929	1931	1932	1937	1940	1941	1948	1956	1973	2026	2049	2077	2090	2107	2132	2142	2143	2160	2161	2177	2187	2207	2216	2229	2312	2315	2316	2382	2383	2395	2397	2398	2399	2400	2820	2952	3327	3663	3814	3815	3816	3844	3845	3885	3893	3896	3906	3909	3938	3962	3983	4007	4026	4125	4155	4179	4188	4197	4198	4211	4250	4261	4262	4264	4285	4350	4352	4353	4358	4384	4445	4467	4469	4473	4487	4526	4539	4553	4555	4556	4557	4559	4576	4579	4594	4633	4659	4661	4671	4672	4687	4692	4693	4694	4695	4709	4729	4730	4731	4769	4782	4784	4785	4816	4821	4830	4839	4840	4844	4853	4855	4879	4887	4892	4893	4928	4979	4980	4982	4988	5076	5100	5101	5116	5163	5169	5459	5727	5798	5835	5968	5973	5993	6012	6014	6019	6024	6025	6126	6141	6151	6152	6162	6163	6177	6281	6282	6283	6309	6319	6320	6323	6340	6343	6350	6365	6399	6402	6418	6426	6434	6437	6455	6480	6495	6500	6511	6536	6559	6573	6574	6583	6596	6613	6620	6634	6645	6696	6704	6714	6767	6777	6783	6789	6823	6859	6872	6875	6887	6926	6928	6940	6944	6972	7119	7121	7317	7408	7517	7521	7523	7581	7792	7793	7798	7800	7802	7806	7808	7869	7949	7950	7973	7991	7992	8001	8008	8044	8051	8053	8055	8061	8078	8115	8124	8129	8131	8166	8167	8169	8170	8182	8187	8193	8195	8207	8215	8225	8236	8247	8282	8314	8315	8346	8350	8624	8681	9009	9261	9271	9280	9285	9311	9365	9379	9393	9394	9397	9398	9400	9401	9453	9473	9512	9588	9603	9605	9607	9636	9653	9662	9670	9712	9719	9743	9836	9837	9851	9859	9863	9900	9927	9976	9990	9997	9998	10027	10029	10202	10235	10270	10272	10478	10480	10551	10564	10568	10584	10666	10685	10691	10701	10702	10707	10727	10757	10772	10775	10786	10808	10826	10838	10868	10873	10879	10892	10965	10977	10996	10999	11045	11121	11136	11148	11366	11378	11431	11558	
15	28	65	88	102	104	105	190	199	226	228	267	270	341	350	352	354	417	426	430	450	464	465	467	491	499	503	556	557	560	561	583	634	659	668	719	721	785	812	815	823	834	927	971	974	1007	1010	1014	1031	1032	1042	1051	1068	1075	1088	1100	1123	1126	1328	1341	1344	1352	1398	1484	1486	1501	1502	1513	1517	1581	1635	1679	1682	1804	1808	1811	1830	1835	1854	1860	1862	1872	1898	1929	1931	1937	1940	1941	1956	1973	2026	2049	2077	2090	2107	2132	2142	2143	2160	2161	2177	2187	2207	2216	2229	2315	2316	2382	2383	2395	2397	2398	2399	2400	2820	2952	3327	3663	3814	3815	3816	3844	3845	3885	3893	3896	3906	3909	3938	3962	3983	4007	4026	4125	4155	4179	4188	4197	4198	4211	4250	4261	4262	4264	4285	4358	4384	4445	4467	4473	4539	4553	4555	4556	4557	4576	4594	4633	4672	4687	4692	4694	4709	4729	4731	4769	4782	4785	4816	4821	4887	4892	4928	4979	4980	4982	4988	5076	5100	5101	5116	5163	5169	5459	5727	5798	5835	5968	5973	5993	6012	6014	6019	6024	6025	6126	6141	6151	6152	6162	6163	6177	6281	6282	6283	6319	6320	6323	6340	6343	6350	6365	6399	6418	6426	6434	6437	6455	6480	6495	6500	6511	6536	6573	6574	6583	6596	6620	6634	6645	6696	6704	6714	6767	6777	6783	6789	6823	6859	6872	6875	6887	6926	6928	6940	6944	6972	7408	7517	7521	7523	7792	7793	7798	7800	7802	7806	7808	7869	7949	7950	7973	7992	8001	8008	8044	8053	8055	8061	8078	8115	8124	8129	8131	8166	8167	8170	8182	8187	8193	8195	8207	8215	8225	8236	8247	8282	8314	8315	8346	8350	8624	8681	9261	9271	9280	9285	9379	9393	9394	9397	9398	9400	9453	9473	9512	9636	9653	9712	9719	9743	9836	9863	9900	9976	9990	9997	9998	10027	10029	10235	10270	10272	10478	10480	10551	10564	10568	10584	10666	10685	10691	10701	10702	10707	10727	10757	10772	10775	10786	10808	10826	10838	10868	10873	10892	10965	10977	10996	10999	11045	11121	11136	11148	11366	
16	48	89	137	189	201	227	229	250	254	292	349	413	414	422	436	489	685	696	730	826	832	918	936	938	1015	1030	1069	1080	1099	1167	1371	1504	1506	1588	1598	1615	1616	1634	1656	1684	1685	1772	1818	1866	1890	1891	1902	1912	1935	2002	2003	2006	2009	2037	2082	2110	2111	2145	2182	2183	2204	2322	2426	2788	2965	3292	3294	3296	3298	3687	3898	3936	3939	3997	3998	4046	4109	4176	4180	4240	4444	4482	4493	4516	4524	4559	4579	4596	4643	4691	4697	4702	4730	4830	4834	4839	4848	4850	5038	5050	5053	5059	5080	5090	5166	5173	5190	5192	5201	5354	5410	5433	5436	5492	5544	5721	5756	5758	5764	5770	5938	5943	5977	6082	6101	6193	6300	6309	6315	6328	6335	6379	6389	6394	6395	6402	6410	6412	6435	6438	6444	6453	6545	6568	6571	6590	6604	6613	6635	6658	6687	6700	6742	6744	6773	6784	6801	6803	6806	6845	6886	6933	6950	7042	7045	7050	7275	7276	7291	7367	7429	7528	7556	7621	7651	7786	7794	7805	7811	7846	7848	7868	7892	7932	7957	7962	7966	7968	8039	8046	8048	8116	8126	8160	8169	8210	8217	8218	8223	8242	8249	8257	8264	8284	8340	8578	8688	9243	9314	9322	9332	9344	9417	9425	9595	9613	9640	9643	9645	9662	9670	9672	9687	9720	9751	9797	9848	9865	9963	9973	10000	10005	10010	10021	10031	10154	10182	10202	10303	10403	10448	10575	10623	10677	10757	10797	10835	10839	10860	10879	10881	10903	10921	10936	10959	10968	10975	10994	11020	11029	11030	11124	11130	11161	11331	11370	11496	
16	48	89	137	189	201	227	229	292	349	413	414	436	685	696	730	826	832	918	936	938	1015	1069	1080	1099	1167	1371	1504	1506	1588	1598	1615	1616	1634	1656	1684	1685	1772	1818	1866	1890	1891	1902	1912	1935	2002	2003	2006	2009	2037	2082	2110	2111	2145	2182	2183	2204	2322	2426	2788	2965	3898	3936	3939	3997	3998	4046	4176	4180	4240	4444	4482	4493	4516	4524	4559	4579	4596	4643	4702	4830	4834	4839	4848	5038	5050	5053	5059	5080	5090	5166	5190	5192	5201	5354	5410	5433	5436	5492	5544	5721	5756	5758	5764	5770	5938	5943	5977	6309	6315	6328	6335	6379	6389	6394	6395	6402	6410	6412	6435	6438	6444	6453	6545	6568	6571	6590	6604	6613	6635	6658	6687	6700	6742	6744	6773	6784	6801	6803	6806	6845	6933	6950	7042	7045	7050	7275	7276	7291	7367	7429	7528	7556	7621	7651	7786	7805	7811	7846	7848	7868	7932	7957	7962	8039	8046	8048	8116	8126	8160	8169	8210	8217	8218	8223	8242	8249	8257	8264	8284	8340	8578	9243	9314	9322	9332	9344	9417	9425	9595	9613	9640	9643	9662	9670	9672	9687	9720	9751	9848	9865	9963	9973	10000	10005	10010	10021	10031	10154	10182	10202	10303	10403	10448	10575	10623	10677	10757	10797	10835	10839	10879	10881	10903	10921	10936	10959	10968	10975	10994	11020	11029	11030	11124	11130	11161	11331	11370	11496	
13	24	87	127	129	141	184	193	206	212	228	243	416	505	555	556	563	564	595	596	728	974	975	1013	1016	1023	1035	1123	1126	1182	1244	1488	1635	1864	1895	1897	1972	1974	2026	2034	2103	2133	2148	2178	2205	2212	2383	3339	3387	3889	3934	3942	3943	4025	4090	4146	4317	4364	4378	4387	4405	4517	4553	4554	4557	4580	4690	4698	4714	4782	4821	4829	4896	4937	4938	4992	5037	5049	5068	5069	5396	5664	5785	5799	5852	5973	5993	5996	6043	6056	6290	6298	6318	6326	6327	6330	6346	6415	6436	6454	6456	6495	6500	6510	6529	6543	6574	6576	6577	6588	6607	6610	6619	6645	6696	6716	6724	6746	6747	6777	6794	6823	6936	7032	7035	7224	7231	7288	7354	7554	7791	7854	7869	7885	7970	7974	7997	8004	8029	8053	8061	8117	8129	8153	8183	8187	8225	8248	8253	8313	8681	9255	9283	9284	9339	9391	9420	9496	9518	9570	9712	9735	9756	9836	9873	9930	9932	9991	10212	10271	10324	10383	10437	10439	10476	10477	10549	10551	10553	10656	10710	10717	10728	10729	10755	10757	10772	10805	10868	10909	10999	11122	11126	11139	11156	11157	11159	11171	11226	11248	11314	11546	
13	24	184	193	228	243	416	505	563	564	595	596	728	974	975	1023	1123	1126	1182	1244	1488	1635	1864	1895	1897	1972	1974	2026	2034	2103	2133	2148	2178	2205	2212	2383	3339	3934	3942	3943	4090	4317	4364	4517	4553	4557	4698	4714	4821	4829	4896	4937	4938	4992	5049	5068	5069	5396	5664	5785	5799	5852	5973	5993	5996	6043	6056	6290	6318	6326	6327	6330	6346	6415	6454	6456	6495	6500	6510	6529	6574	6576	6577	6588	6607	6619	6645	6696	6716	6724	6746	6747	6777	6794	6823	6936	7224	7231	7354	7791	7869	7885	7974	7997	8004	8029	8117	8153	8183	8187	8225	8248	8253	8313	8681	9255	9339	9420	9496	9570	9712	9735	9836	9873	9930	9932	9991	10212	10271	10324	10383	10437	10439	10476	10477	10551	10553	10656	10710	10717	10755	10757	10772	10805	10868	10909	10999	11122	11126	11139	11156	11159	11226	11314	
65	87	88	140	149	190	211	248	267	316	326	327	341	354	398	402	403	434	464	465	506	537	556	583	592	605	634	659	668	781	789	826	832	834	844	873	881	935	999	1013	1014	1016	1030	1036	1073	1088	1099	1100	1146	1148	1149	1169	1227	1231	1245	1314	1395	1476	1501	1503	1506	1581	1593	1615	1616	1682	1684	1685	1781	1782	1808	1811	1818	1862	1872	1890	1891	1896	1898	1903	1910	1932	1934	1939	1956	2002	2007	2024	2048	2052	2057	2076	2092	2094	2101	2119	2132	2143	2161	2177	2187	2203	2204	2239	2243	2244	2246	2255	2293	2295	2297	2299	2301	2397	2398	2399	2400	2820	2944	3062	3681	3815	3816	3882	3889	3908	4035	4066	4111	4197	4198	4208	4209	4211	4252	4261	4262	4284	4300	4350	4352	4353	4358	4373	4378	4396	4405	4469	4492	4495	4507	4552	4554	4555	4556	4580	4594	4597	4623	4635	4644	4671	4672	4687	4690	4691	4697	4730	4731	4767	4782	4830	4879	4892	4908	4928	4951	4979	5042	5059	5116	5162	5169	5201	5741	5757	5854	5999	6036	6039	6041	6078	6162	6163	6215	6276	6277	6298	6372	6387	6394	6399	6416	6435	6443	6447	6477	6536	6543	6546	6560	6568	6573	6590	6595	6614	6634	6644	6676	6702	6714	6721	6748	6793	6806	6852	6859	6875	6940	6952	6953	6984	6991	7399	7495	7496	7792	7799	7819	7895	7899	7934	7962	7968	7973	7979	7991	7992	7994	8001	8003	8046	8048	8051	8116	8124	8133	8147	8160	8169	8170	8172	8207	8215	8221	8231	8236	8249	8257	8262	8265	8270	8272	8293	8295	8297	8299	8301	8303	8305	8314	8315	8321	8340	8346	8410	8449	8688	9261	9284	9286	9314	9330	9373	9394	9400	9417	9427	9512	9518	9542	9588	9607	9640	9648	9661	9669	9715	9718	9751	9759	9780	9820	9851	9870	9887	9927	9933	9985	9997	10224	10482	10549	10564	10577	10578	10584	10640	10691	10701	10727	10729	10731	10757	10826	10829	10839	10860	10903	10913	10936	10965	10970	10975	11005	11040	11045	11141	11359	11408	11522	11560	
87	88	211	316	326	327	341	354	398	402	403	434	506	556	592	605	781	832	844	873	935	1013	1014	1016	1036	1073	1088	1099	1100	1169	1245	1314	1395	1476	1501	1503	1506	1581	1593	1615	1616	1682	1781	1782	1808	1811	1818	1862	1896	1898	1903	1910	1956	2002	2007	2024	2052	2057	2076	2092	2094	2101	2119	2132	2143	2161	2177	2187	2203	2204	2239	2243	2244	2246	2255	2293	2295	2297	2299	2301	2397	2398	2399	2400	2820	3062	3681	3815	3816	3882	3889	3908	4066	4111	4197	4198	4208	4209	4211	4252	4300	4358	4373	4378	4396	4405	4492	4507	4554	4555	4556	4580	4594	4597	4635	4644	4690	4691	4697	4731	4767	4782	4830	4892	4908	4928	4951	5042	5059	5116	5162	5169	5201	5741	5757	5854	5999	6036	6039	6041	6078	6162	6163	6215	6276	6277	6298	6387	6394	6399	6416	6435	6443	6447	6477	6536	6543	6546	6560	6568	6573	6590	6595	6644	6676	6702	6714	6721	6748	6793	6806	6852	6859	6875	6940	6952	6953	6984	6991	7399	7495	7496	7792	7799	7819	7895	7899	7934	7962	7973	7979	7992	7994	8001	8003	8046	8116	8124	8133	8147	8160	8169	8170	8172	8207	8215	8221	8231	8236	8249	8257	8262	8265	8270	8272	8293	8295	8297	8299	8301	8303	8305	8314	8315	8321	8340	8346	8410	8449	8688	9261	9284	9286	9314	9330	9373	9394	9400	9417	9427	9512	9518	9542	9640	9648	9661	9669	9715	9751	9780	9820	9870	9887	9933	9985	9997	10224	10482	10549	10564	10577	10578	10584	10640	10691	10727	10729	10731	10757	10829	10839	10860	10903	10913	10936	10965	10970	10975	11005	11040	11045	11141	11359	11408	11522	11560	
43	149	228	244	300	397	410	415	438	560	603	733	747	785	786	826	924	947	974	1030	1042	1096	1179	1337	1355	1480	1513	1514	1650	1656	1679	1684	1685	1830	1860	1872	1890	1891	1935	1954	2025	2026	2031	2077	2090	2142	2151	2248	2304	2329	2353	2383	2402	2412	2695	2788	3300	3387	3592	3655	3893	3909	3962	4035	4047	4048	4109	4148	4235	4259	4264	4427	4453	4454	4493	4553	4557	4566	4612	4640	4668	4692	4694	4729	4730	4839	4899	4914	5067	5070	5073	5076	5101	5272	5329	5630	5649	5749	5798	5877	5902	5922	5968	5991	6033	6286	6320	6339	6346	6347	6358	6389	6402	6418	6426	6473	6495	6510	6551	6574	6588	6645	6654	6658	6660	6679	6710	6738	6747	6749	6775	6777	6786	6811	6823	6926	7084	7086	7192	7193	7308	7343	7408	7517	7521	7524	7570	7660	7661	7796	7800	7824	7866	7898	7933	7968	7984	8044	8048	8115	8180	8187	8193	8194	8199	8219	8225	8274	8304	8306	8533	8578	8681	8759	9271	9280	9311	9418	9420	9473	9526	9554	9605	9731	9735	9765	9775	9812	9869	9912	9927	9931	9977	9989	10029	10040	10226	10236	10270	10364	10437	10452	10629	10634	10639	10656	10658	10675	10702	10707	10757	10772	10782	10783	10821	10838	10887	10896	10905	10974	10999	11022	11134	11139	11140	11188	11221	11266	11307	11366	11447	11481	11554	
43	228	244	410	924	974	1096	2025	2026	2383	2695	4493	4553	4612	4729	4914	5329	5630	5649	5877	6286	6389	6418	6473	6574	6588	6645	6658	6747	6777	6786	6811	7408	7517	7521	7524	8187	8306	8533	9280	9605	9731	9735	9931	10226	10270	10656	10658	10757	10772	10838	10905	10974	11366	
108	127	185	210	229	300	330	331	397	408	469	503	556	560	576	615	636	664	826	837	873	931	949	960	1030	1042	1064	1179	1182	1397	1480	1650	1656	1682	1830	1860	1872	1896	1898	1902	1940	1977	1978	1996	2018	2077	2143	2151	2177	2198	2204	2241	2353	2402	2598	2788	3300	3387	3592	3655	3800	3803	3804	3805	3909	3946	3962	4047	4091	4125	4126	4145	4148	4155	4166	4184	4220	4235	4244	4364	4453	4492	4548	4557	4563	4566	4596	4640	4692	4694	4821	4839	4899	4910	4980	4982	5072	5073	5076	5101	5163	5233	5344	5745	5798	5902	5968	5973	5991	6033	6038	6249	6276	6301	6320	6331	6339	6346	6347	6402	6426	6456	6480	6495	6500	6510	6568	6613	6654	6659	6660	6661	6679	6710	6714	6726	6744	6748	6766	6776	6823	6850	6926	6988	7084	7086	7308	7570	7660	7661	7711	7722	7733	7747	7760	7775	7778	7781	7800	7802	7810	7814	7933	7962	7968	7975	7985	8044	8048	8055	8115	8131	8143	8193	8194	8199	8219	8249	8275	8321	8340	8400	8578	8681	8966	9225	9226	9271	9379	9397	9417	9473	9612	9675	9704	9765	9775	9812	9820	9869	9870	9897	9898	9933	9985	10029	10224	10236	10272	10437	10480	10516	10629	10639	10666	10675	10677	10694	10707	10717	10757	10777	10783	10802	10868	10896	10903	10936	10967	10984	10999	11022	11036	11088	11134	11139	11140	11188	11266	11447	
27	44	46	250	254	262	263	341	353	357	360	410	411	438	442	477	592	603	685	711	719	786	788	832	852	927	933	947	951	974	999	1007	1024	1035	1075	1088	1120	1123	1126	1128	1169	1251	1262	1349	1400	1475	1504	1514	1517	1573	1581	1607	1617	1644	1684	1685	1781	1782	1794	1797	1805	1810	1814	1820	1862	1890	1891	1910	1973	2031	2034	2066	2092	2110	2111	2132	2150	2161	2187	2189	2248	2304	2321	2325	2355	2397	2398	2399	2400	3844	3845	3912	3913	3919	4108	4197	4201	4211	4255	4312	4318	4358	4378	4391	4454	4493	4509	4543	4553	4554	4556	4653	4688	4726	4729	4730	4733	4816	4887	4895	5053	5087	5116	5162	5169	5212	5291	5339	5688	5855	6046	6058	6059	6073	6177	6300	6304	6328	6332	6340	6367	6389	6435	6442	6444	6474	6502	6535	6536	6546	6572	6573	6576	6588	6590	6612	6622	6658	6672	6681	6696	6702	6704	6738	6742	6777	6947	6953	6992	7801	7818	7848	7898	7899	7908	7909	7934	7941	7950	7963	7973	7983	7986	7994	7996	8006	8007	8009	8029	8046	8047	8126	8165	8172	8180	8187	8189	8206	8220	8236	8274	8304	8345	8346	9245	9314	9320	9344	9418	9431	9483	9493	9509	9512	9518	9523	9542	9605	9620	9640	9643	9648	9669	9712	9751	9757	9797	9823	9836	9853	9855	9889	9912	9976	9977	10006	10015	10039	10103	10111	10262	10454	10458	10462	10478	10571	10578	10584	10656	10697	10727	10757	10782	10786	10838	10839	10848	10863	10890	10899	11124	11127	11141	
13	71	189	227	228	232	249	305	349	359	463	503	505	515	563	597	615	716	719	721	787	832	860	927	934	939	1007	1068	1069	1075	1088	1123	1125	1189	1355	1382	1475	1506	1516	1581	1584	1598	1607	1615	1616	1618	1636	1684	1685	1778	1818	1872	1890	1891	1972	1973	2008	2026	2053	2066	2090	2092	2132	2144	2148	2161	2187	2317	2318	2397	2398	2399	2400	2412	2426	3339	3844	3845	3877	3888	3898	3969	3970	3982	4091	4110	4197	4211	4236	4264	4278	4292	4358	4395	4493	4507	4509	4511	4553	4554	4556	4709	4731	4774	4829	4928	4992	5043	5053	5068	5072	5116	5169	5190	5477	5685	5977	6047	6100	6177	6290	6318	6326	6327	6389	6399	6454	6491	6495	6510	6529	6573	6588	6590	6613	6635	6645	6680	6696	6700	6721	6746	6766	6777	6806	6845	6933	6936	6944	6953	6969	6985	7009	7801	7802	7808	7811	7869	7885	7893	7950	7973	7985	8007	8044	8046	8165	8187	8207	8221	8236	8257	8275	8346	8468	8578	8759	9243	9402	9417	9448	9496	9605	9607	9640	9648	9686	9702	9704	9720	9732	9751	9836	9887	9888	9992	10029	10031	10400	10468	10568	10578	10584	10677	10702	10731	10757	10762	10786	10839	10849	10863	10967	10975	10990	11020	11029	11030	11122	
88	136	193	341	464	465	478	509	560	634	659	668	823	975	999	1014	1110	1180	1215	1216	1245	1250	1257	1328	1593	1647	1781	1782	1934	1939	1969	1996	2077	2207	2383	2820	2965	3663	3815	3816	3909	4111	4198	4201	4209	4261	4262	4492	4495	4548	4550	4555	4557	4594	4600	4612	4614	4623	4633	4740	4782	4785	4881	4979	5073	5076	5101	5187	5732	5774	5922	6005	6141	6152	6162	6163	6320	6332	6333	6500	6545	6546	6574	6609	6610	6612	6620	6622	6626	6637	6710	6745	6767	6782	6801	6823	6859	6872	6875	6926	6988	7804	7909	7949	7983	7986	7992	8001	8003	8012	8021	8028	8048	8057	8061	8117	8130	8166	8167	8172	8185	8204	8282	8321	8683	8688	8947	9253	9332	9483	9542	9680	9706	9731	9733	9834	9868	9869	9929	9985	9997	9998	10017	10039	10190	10235	10270	10428	10477	10480	10685	10691	10701	10757	10760	10775	10777	10791	10808	10841	10860	10867	10873	10889	10936	10965	11000	11045	11127	11128	11142	11157	11158	11159	
88	136	193	341	464	465	478	509	560	634	659	668	823	975	999	1014	1110	1180	1215	1216	1245	1250	1257	1328	1593	1647	1781	1782	1934	1939	1969	1996	2077	2207	2383	2820	2965	3663	3815	3816	3909	4111	4198	4201	4209	4261	4262	4492	4495	4548	4550	4555	4557	4594	4600	4612	4614	4623	4633	4740	4782	4785	4881	4979	5073	5076	5101	5187	5732	5774	5922	6005	6141	6152	6162	6163	6320	6332	6333	6500	6545	6546	6574	6609	6610	6612	6620	6622	6626	6637	6710	6745	6767	6782	6801	6823	6859	6872	6875	6926	6988	7804	7909	7949	7983	7986	7992	8001	8003	8012	8028	8048	8057	8061	8117	8130	8166	8167	8172	8185	8204	8282	8321	8683	8688	8947	9253	9332	9483	9542	9680	9706	9731	9733	9834	9868	9869	9929	9985	9997	9998	10017	10039	10190	10235	10270	10428	10477	10480	10685	10691	10701	10757	10760	10775	10777	10791	10808	10841	10860	10867	10873	10889	10936	10965	11000	11045	11127	11128	11142	11157	11158	11159	
13	71	87	89	126	189	203	204	212	219	220	232	258	262	263	352	353	360	415	417	428	430	450	469	477	505	549	550	556	575	592	597	646	679	680	681	682	684	719	832	927	931	934	941	964	974	1007	1013	1015	1051	1075	1088	1089	1123	1126	1127	1128	1131	1171	1172	1189	1190	1242	1244	1251	1262	1341	1392	1398	1475	1484	1488	1502	1518	1519	1581	1598	1607	1618	1630	1632	1635	1671	1674	1676	1679	1684	1685	1818	1820	1866	1890	1891	1953	1972	1973	2009	2036	2065	2066	2090	2104	2110	2112	2121	2123	2131	2142	2144	2148	2150	2161	2177	2187	2200	2239	2241	2243	2244	2246	2255	2275	2276	2293	2295	2297	2299	2301	2317	2318	2393	2394	3682	3683	3697	3861	3919	3937	3982	4048	4100	4110	4184	4197	4200	4236	4244	4250	4255	4264	4285	4358	4445	4493	4519	4524	4553	4556	4559	4579	4640	4688	4689	4702	4726	4733	4769	4774	4816	4836	4845	4991	5062	5068	5087	5121	5167	5169	5188	5232	5672	5712	5727	5733	6041	6100	6125	6223	6281	6283	6286	6301	6331	6340	6399	6403	6411	6435	6436	6454	6458	6473	6477	6495	6510	6529	6535	6573	6576	6587	6590	6629	6645	6659	6686	6690	6695	6696	6714	6746	6748	6777	6786	6803	6953	6971	7717	7728	7739	7752	7775	7780	7799	7800	7818	7819	7839	7885	7895	7908	7932	7934	7957	7973	7994	7996	8004	8006	8008	8009	8021	8047	8055	8063	8115	8120	8124	8141	8155	8157	8158	8184	8187	8208	8210	8220	8236	8262	8265	8270	8272	8293	8295	8297	8299	8301	8303	8306	8316	8338	8341	8342	8343	8344	9227	9228	9314	9317	9373	9393	9398	9417	9422	9425	9453	9496	9509	9612	9613	9639	9640	9643	9662	9670	9709	9712	9715	9741	9751	9788	9836	9870	9889	9933	9976	10016	10029	10030	10036	10042	10050	10151	10518	10551	10578	10584	10658	10699	10702	10757	10786	10802	10839	10849	10875	10899	10932	10961	10974	10980	11005	11088	11099	11164	
651	1175	1613	2007	2113	2409	2426	3882	3898	3904	3906	4028	4111	4497	5033	5773	5898	6389	6443	6444	6500	6588	6672	6678	6754	6766	6768	6793	6823	6845	6850	6928	7878	7960	8057	8077	8153	8275	8400	8681	9126	9147	9669	9942	10235	10397	10757	10949	10956	10967	10999	11021	11029	11030	11036	11142	
2007	2113	2426	3882	3898	3904	3906	6443	6500	6588	6672	6766	6768	6793	6845	6850	6928	8275	8400	10757	10956	10967	11029	11030	11036	
45	47	70	88	128	129	149	151	185	199	228	246	247	250	254	258	259	316	330	331	357	403	410	436	473	487	506	606	636	685	696	721	728	780	826	869	872	883	915	916	919	920	949	951	975	999	1002	1014	1016	1023	1049	1068	1080	1120	1179	1245	1248	1313	1363	1444	1500	1546	1552	1588	1593	1613	1634	1644	1781	1782	1902	1912	1998	2006	2026	2034	2044	2076	2145	2151	2221	2304	2323	2325	2353	2402	2929	3300	3387	3800	3803	3804	3805	3909	4028	4091	4100	4112	4145	4177	4179	4180	4198	4208	4211	4220	4397	4493	4517	4553	4557	4580	4595	4653	4663	4696	4702	4715	4729	4731	4757	4786	4881	4899	4902	4928	4951	5045	5059	5173	5444	5579	5759	5773	5787	5830	5898	5938	5994	6014	6020	6025	6057	6084	6100	6245	6259	6275	6282	6285	6307	6320	6389	6395	6418	6442	6444	6455	6469	6517	6543	6545	6546	6577	6613	6621	6644	6654	6678	6712	6773	6777	6786	6813	6823	6926	6944	6968	6992	7003	7012	7711	7722	7733	7747	7762	7768	7775	7778	7781	7792	7795	7805	7808	7835	7852	7869	7898	7950	7957	7985	8003	8005	8007	8048	8057	8077	8078	8115	8116	8121	8122	8165	8170	8187	8188	8193	8195	8217	8218	8219	8224	8306	8501	8681	9126	9147	9260	9261	9282	9284	9322	9417	9427	9464	9543	9649	9661	9697	9704	9747	9778	9793	9963	10041	10113	10203	10235	10242	10397	10440	10533	10568	10579	10623	10630	10660	10677	10682	10694	10729	10757	10758	10760	10782	10797	10807	10816	10828	10838	10860	10889	10896	10913	10921	10959	10974	10998	10999	11021	11142	
89	155	221	308	342	350	351	453	494	877	881	968	972	974	1031	1033	1214	1220	1331	1420	1493	1555	1636	1773	1783	1820	1862	1903	1934	1938	1958	1991	2149	2250	2378	2409	2820	2927	2944	3071	3941	4279	4284	4390	4392	4474	4492	4497	4536	4547	4556	4579	4726	4733	4756	4992	5855	6260	6290	6318	6326	6327	6338	6530	6536	6560	6573	6574	6622	6746	6784	6806	6859	6936	7804	7880	8026	8044	8210	8257	8284	8337	8468	8961	9501	9512	9588	9590	9623	9662	9669	9726	9751	9757	9774	9795	10240	10727	10757	10769	10839	10968	10975	11045	11122	11133	
2820	6622	6784	6859	8284	10757	10968	11045	
2305	6573	6777	6787	6806	8187	8257	10757	10973	10975	
13	14	15	28	42	43	45	47	65	71	88	104	105	189	190	226	232	245	258	260	267	300	304	305	316	361	397	410	411	450	467	505	506	515	563	583	595	596	598	616	689	705	707	719	721	826	834	840	858	862	881	918	924	927	928	931	934	938	951	974	1007	1008	1010	1014	1015	1019	1020	1021	1031	1068	1075	1094	1120	1130	1182	1189	1252	1256	1331	1414	1415	1486	1488	1503	1588	1594	1611	1635	1647	1650	1654	1656	1673	1682	1778	1797	1810	1814	1818	1862	1902	1931	1934	1972	1973	2005	2007	2008	2020	2034	2037	2053	2077	2089	2092	2104	2133	2143	2148	2162	2189	2190	2216	2321	2325	2788	2944	3714	3730	3742	3813	3815	3816	3823	3829	3876	3887	3896	3934	3971	3972	3982	4007	4066	4100	4110	4111	4123	4125	4148	4160	4180	4184	4244	4252	4264	4278	4284	4292	4395	4396	4474	4492	4505	4509	4515	4516	4553	4554	4556	4557	4565	4583	4584	4672	4687	4689	4733	4767	4774	4821	4837	4839	4880	4895	4945	4951	4980	4992	5036	5052	5058	5068	5076	5086	5087	5097	5101	5187	5203	5327	5679	5712	5786	5801	5855	6030	6043	6048	6162	6163	6199	6260	6277	6290	6294	6315	6318	6323	6326	6327	6350	6367	6379	6387	6389	6402	6416	6431	6435	6436	6443	6454	6456	6480	6500	6529	6536	6560	6574	6575	6590	6595	6600	6634	6635	6645	6659	6691	6696	6701	6702	6744	6746	6747	6765	6767	6778	6793	6823	6852	6875	6930	6936	6944	6972	6984	6988	7749	7791	7808	7811	7812	7885	7890	7928	7964	7992	7997	8001	8008	8044	8048	8056	8061	8072	8113	8131	8135	8157	8166	8167	8215	8221	8314	8315	8316	8321	8410	8624	8683	9246	9260	9276	9314	9330	9339	9371	9379	9417	9420	9474	9496	9512	9588	9590	9606	9613	9614	9640	9643	9669	9715	9719	9720	9743	9751	9780	9836	9855	9930	9932	9972	9985	10027	10042	10160	10184	10212	10228	10272	10480	10544	10568	10597	10656	10658	10666	10675	10685	10691	10699	10702	10727	10731	10757	10786	10789	10802	10826	10839	10849	10868	10890	10913	10936	10961	10996	11000	11040	11122	
12	89	113	142	155	188	261	263	308	341	342	346	357	469	476	478	537	556	575	592	685	730	785	790	815	823	832	872	873	1001	1016	1023	1110	1162	1169	1170	1179	1337	1349	1368	1397	1398	1476	1504	1507	1513	1523	1607	1631	1659	1679	1684	1773	1781	1782	1826	1830	1890	1891	1896	1898	1932	2052	2060	2062	2075	2082	2110	2111	2114	2121	2177	2184	2200	2203	2239	2243	2244	2246	2255	2293	2295	2297	2299	2301	2323	2353	2426	2460	2598	2636	2945	2947	2965	3387	3593	3893	3898	3904	3962	3988	4105	4109	4112	4170	4176	4200	4201	4234	4281	4317	4350	4352	4353	4364	4445	4453	4471	4491	4493	4513	4517	4548	4550	4555	4559	4612	4640	4663	4671	4692	4694	4705	4712	4730	4740	4830	4847	4877	4899	4902	4912	4913	4967	4969	4984	5044	5072	5090	5131	5163	5167	5339	5737	5738	5759	5794	5830	5922	5941	5957	6041	6078	6085	6100	6219	6252	6331	6339	6391	6426	6437	6442	6458	6477	6495	6517	6522	6546	6576	6577	6588	6613	6618	6626	6658	6677	6714	6717	6726	6750	6830	6845	6934	6946	6953	7275	7276	7367	7621	7796	7799	7800	7802	7814	7819	7895	7907	7909	7932	7934	7973	7985	7989	7991	7994	7996	8029	8039	8046	8047	8051	8129	8158	8160	8169	8182	8184	8202	8204	8210	8262	8265	8270	8272	8293	8295	8297	8299	8301	8303	8340	8534	8947	9243	9271	9284	9285	9311	9317	9333	9373	9464	9478	9491	9542	9573	9612	9621	9644	9665	9670	9704	9706	9731	9757	9759	9810	9820	9870	9871	9877	9897	9898	9910	9916	9938	9967	10017	10019	10031	10039	10041	10290	10328	10380	10453	10476	10551	10570	10578	10584	10640	10678	10696	10717	10757	10758	10807	10841	10865	10867	10881	10887	10896	10905	10922	10924	10970	10980	11005	11029	11030	11034	11088	11134	11149	11331	11383	11496	
1781	1782	2060	4493	4612	6546	8182	9542	9731	10757	
71	89	119	129	142	188	192	203	219	220	229	232	246	247	261	263	312	317	330	331	334	337	341	342	346	354	357	373	406	415	440	469	476	478	489	490	494	498	499	513	556	557	558	567	575	592	636	643	656	662	678	685	686	723	730	785	823	832	877	918	931	934	939	946	948	956	1016	1023	1024	1069	1077	1089	1110	1119	1134	1169	1179	1215	1216	1252	1255	1335	1337	1352	1356	1382	1385	1397	1398	1476	1485	1501	1503	1504	1506	1511	1513	1521	1523	1527	1607	1614	1615	1616	1631	1656	1659	1679	1681	1684	1778	1779	1797	1810	1811	1814	1826	1827	1828	1864	1884	1890	1891	1896	1898	1903	1935	1953	1975	2006	2009	2062	2082	2105	2110	2111	2114	2131	2152	2160	2177	2200	2239	2243	2244	2246	2255	2293	2295	2297	2299	2301	2311	2315	2320	2323	2326	2327	2353	2395	2402	2412	2426	2460	2599	2788	3062	3387	3593	3712	3726	3739	3769	3770	3771	3800	3803	3804	3805	3810	3822	3827	3831	3854	3866	3883	3893	3894	3897	3898	3901	3904	3905	3909	3982	3988	4046	4091	4105	4145	4169	4173	4176	4200	4201	4211	4236	4259	4263	4269	4270	4271	4279	4318	4348	4361	4390	4392	4413	4415	4445	4492	4513	4517	4541	4548	4550	4559	4570	4572	4692	4694	4698	4705	4730	4740	4767	4775	4778	4784	4804	4820	4821	4830	4839	4847	4857	4877	4883	4888	4889	4895	4899	4931	5042	5044	5059	5090	5131	5145	5163	5166	5167	5298	5334	5339	5343	5391	5505	5555	5608	5717	5737	5738	5759	5767	5794	5847	5957	5974	6041	6069	6078	6085	6100	6159	6161	6181	6189	6219	6235	6239	6279	6289	6293	6320	6331	6336	6357	6367	6402	6437	6442	6444	6456	6458	6477	6482	6495	6500	6517	6544	6577	6582	6588	6613	6626	6658	6659	6680	6714	6717	6726	6750	6784	6792	6802	6806	6807	6830	6845	6926	6934	6946	6953	6954	6955	6956	6957	6958	6959	6960	6973	7014	7033	7035	7275	7276	7288	7367	7554	7621	7711	7722	7733	7747	7762	7768	7770	7775	7778	7781	7799	7800	7802	7810	7819	7823	7880	7895	7907	7909	7932	7934	7973	7976	7985	7994	7996	8029	8039	8041	8046	8047	8048	8055	8130	8147	8158	8159	8160	8169	8179	8184	8189	8204	8206	8210	8214	8215	8225	8257	8262	8265	8270	8272	8284	8293	8295	8297	8299	8301	8303	8314	8315	8338	8340	8345	8449	8534	8702	8947	8962	8966	9243	9246	9284	9285	9317	9322	9333	9344	9373	9407	9417	9418	9464	9532	9537	9538	9540	9612	9621	9654	9662	9665	9670	9704	9706	9733	9757	9759	9772	9784	9797	9817	9855	9863	9870	9871	9877	9897	9898	9938	9963	9967	9983	10015	10017	10031	10039	10065	10138	10328	10362	10376	10380	10462	10476	10542	10551	10570	10572	10578	10579	10618	10655	10658	10668	10677	10694	10698	10705	10733	10757	10758	10785	10786	10794	10824	10841	10852	10854	10863	10864	10865	10868	10879	10881	10887	10889	10890	10892	10896	10905	10912	10921	10938	10968	10975	10980	10990	11005	11029	11030	11034	11088	11105	11131	11142	11154	11183	11261	11331	11383	11496	11550	
87	109	116	136	156	158	206	209	211	227	244	248	262	316	326	327	401	402	403	477	491	506	603	605	659	668	698	716	789	860	926	961	964	971	1013	1068	1088	1094	1101	1125	1172	1245	1248	1262	1372	1417	1425	1512	1581	1781	1782	1819	1976	2011	2052	2058	2061	2066	2071	2076	2079	2092	2102	2132	2145	2150	2161	2187	2220	2248	2272	2273	2274	2325	2383	2391	2397	2398	2399	2400	2695	3300	3688	3692	3693	3815	3816	3846	3851	3919	3937	3969	3970	3983	3996	4090	4108	4190	4193	4197	4198	4209	4252	4358	4373	4387	4393	4397	4444	4469	4493	4509	4518	4546	4547	4553	4556	4557	4579	4597	4634	4662	4688	4690	4729	4799	4879	4880	4882	4951	4991	5043	5053	5079	5084	5111	5112	5116	5130	5169	5187	5215	5227	5576	5652	5682	5736	6020	6027	6036	6047	6119	6127	6131	6157	6162	6163	6187	6275	6286	6313	6332	6339	6346	6389	6399	6411	6416	6434	6435	6453	6473	6535	6546	6590	6610	6645	6646	6654	6696	6700	6701	6710	6721	6738	6747	6748	6766	6850	6875	6888	6889	6944	6983	6984	7256	7259	7262	7263	7271	7274	7362	7612	7793	7801	7804	7808	7818	7899	7908	7933	7942	7950	7954	7955	7986	7992	8001	8005	8006	8008	8009	8010	8053	8065	8077	8078	8113	8115	8199	8207	8220	8236	8260	8274	8275	8304	8305	8346	8400	8688	8811	9009	9230	9286	9314	9315	9412	9416	9509	9522	9543	9574	9588	9604	9605	9620	9715	9735	9807	9836	9851	9869	9887	9888	9889	9931	9933	9970	9996	9998	10036	10185	10436	10466	10480	10524	10531	10549	10568	10581	10584	10631	10656	10691	10728	10731	10757	10818	10839	10860	10913	10932	10967	11036	11127	11134	11139	11159	11319	11494	
87	109	116	136	206	211	227	244	262	316	401	402	477	506	605	698	716	860	926	1013	1068	1088	1101	1172	1262	1417	1425	1581	1781	1782	1819	2011	2052	2066	2071	2076	2092	2150	2161	2187	2220	2325	2383	2695	3300	3692	3815	3816	3919	3937	3969	3970	3996	4090	4108	4190	4193	4197	4198	4209	4252	4358	4387	4397	4493	4509	4553	4556	4557	4579	4634	4688	4729	4882	4951	5043	5053	5084	5111	5112	5130	5169	5215	5576	5652	5682	5736	6020	6027	6036	6047	6131	6162	6163	6286	6332	6339	6346	6389	6399	6411	6416	6435	6453	6473	6535	6546	6590	6610	6645	6654	6700	6710	6721	6747	6766	6850	6875	6889	6944	6983	6984	7801	7808	7818	7899	7908	7933	7950	7986	7992	8001	8005	8006	8008	8009	8010	8115	8199	8220	8236	8275	8305	8346	8400	8688	9286	9314	9315	9412	9509	9543	9574	9605	9620	9735	9869	9887	9888	9889	9931	9996	9998	10185	10436	10466	10480	10531	10568	10581	10584	10631	10656	10691	10728	10731	10757	10839	10860	10913	10967	11036	11127	11134	11139	11159	
96	141	209	249	450	615	785	918	923	928	965	999	1008	1135	1138	1245	1513	1593	1635	2007	2027	2037	2080	2212	3887	3893	3983	4028	4066	4091	4285	4492	4505	4523	4563	4566	4597	4614	4799	5087	5166	5173	5681	5800	5823	5850	5872	6046	6050	6304	6323	6418	6434	6443	6444	6490	6500	6571	6588	6600	6604	6617	6620	6696	6714	6744	6793	6823	6852	6930	7792	7793	7795	7803	7956	8003	8053	8057	8058	8078	8116	8170	8340	8410	8681	8811	9261	9282	9320	9330	9417	9420	9453	9672	9691	9796	9807	9836	10037	10235	10276	10318	10757	10783	10786	10803	10805	10936	10961	10999	11040	
2007	2037	3887	6443	6588	6744	6793	6852	6930	8410	10757	10936	10961	11040	
14	23	27	87	89	104	105	108	122	127	129	141	193	206	209	211	212	246	247	254	357	397	450	491	499	557	592	615	685	729	730	832	889	890	918	951	971	999	1005	1008	1013	1016	1024	1053	1120	1123	1125	1135	1138	1155	1178	1179	1181	1245	1281	1414	1503	1504	1510	1572	1593	1635	1781	1782	1794	1811	1815	1864	1926	1931	1996	2020	2027	2034	2036	2212	2305	2856	2929	3339	3396	3983	4007	4028	4066	4091	4111	4125	4158	4285	4387	4444	4493	4507	4553	4554	4556	4559	4562	4563	4566	4580	4614	4729	4767	4774	4782	4799	4821	4886	4980	5058	5087	5097	5173	5201	5556	5667	5679	5681	5748	5800	5823	5850	5872	5973	5997	6010	6014	6019	6024	6028	6029	6050	6058	6241	6323	6418	6434	6453	6456	6469	6477	6480	6491	6500	6546	6571	6573	6574	6576	6600	6604	6613	6617	6620	6696	6700	6703	6714	6765	6784	6787	6813	6823	6953	7212	7214	7275	7276	7351	7367	7429	7621	7792	7793	7802	7803	7817	7819	7869	7934	7941	7984	8003	8046	8047	8058	8116	8124	8131	8164	8170	8179	8189	8210	8284	8350	8681	8811	9261	9282	9284	9286	9330	9341	9373	9379	9417	9420	9425	9427	9453	9542	9605	9609	9643	9669	9672	9691	9759	9780	9807	9836	9967	9970	9992	10091	10164	10175	10235	10242	10272	10276	10318	10545	10551	10578	10579	10597	10630	10666	10728	10757	10778	10780	10783	10786	10803	10805	10838	10849	10868	10929	10968	10973	10999	11225	11312	11331	11496	
14	23	27	87	89	104	105	108	122	127	129	141	193	206	209	211	212	246	247	254	357	397	450	491	499	557	592	615	685	729	730	832	889	890	918	951	971	999	1005	1008	1013	1016	1024	1053	1120	1123	1125	1135	1138	1155	1178	1179	1181	1245	1281	1414	1503	1504	1510	1572	1593	1635	1781	1782	1794	1811	1815	1864	1926	1931	1996	2020	2027	2034	2036	2212	2305	2856	2929	3339	3396	3983	4007	4028	4066	4091	4111	4125	4158	4285	4387	4444	4493	4507	4553	4554	4556	4559	4562	4563	4566	4580	4614	4729	4767	4774	4782	4799	4821	4886	4980	5058	5087	5097	5173	5201	5556	5667	5679	5681	5748	5800	5823	5850	5872	5973	5997	6010	6014	6019	6024	6028	6029	6050	6058	6241	6323	6418	6434	6453	6456	6469	6477	6480	6491	6500	6546	6571	6573	6574	6576	6600	6604	6613	6617	6620	6696	6700	6703	6714	6765	6784	6787	6813	6823	6953	7212	7214	7275	7276	7351	7367	7429	7621	7792	7793	7802	7803	7817	7819	7869	7934	7984	8003	8046	8047	8058	8116	8124	8131	8164	8170	8179	8189	8210	8284	8350	8681	8811	9261	9282	9284	9286	9330	9341	9373	9379	9417	9420	9425	9427	9453	9542	9605	9609	9643	9669	9672	9691	9759	9780	9807	9836	9967	9970	9992	10091	10164	10175	10235	10242	10272	10276	10318	10545	10551	10578	10579	10597	10630	10666	10728	10757	10778	10780	10783	10786	10803	10805	10838	10849	10868	10929	10968	10973	10999	11225	11312	11331	11496	
1	83	85	138	184	243	297	304	361	436	467	556	563	780	826	925	940	1036	1039	1042	1156	1169	1198	1199	1335	1479	1480	1573	1776	1818	1820	1829	1860	1872	1884	1895	1897	1920	1960	2008	2040	2177	2203	2239	2243	2244	2246	2255	2293	2295	2297	2299	2301	2322	2706	2707	3001	3591	3592	3904	3906	3944	3948	4047	4074	4110	4160	4166	4176	4184	4204	4236	4378	4515	4518	4594	4596	4689	4690	4692	4694	4726	4750	4816	4829	4834	4848	4850	4928	4937	4938	4995	5044	5061	5068	5069	5142	5166	5204	5233	5482	5881	5889	5965	5968	5996	6023	6041	6059	6097	6100	6304	6321	6328	6417	6435	6437	6454	6459	6495	6560	6575	6588	6590	6618	6629	6645	6667	6672	6679	6687	6702	6710	6724	6745	6746	6794	6806	6852	6928	6984	6991	7799	7800	7846	7895	7932	7938	7958	7970	7973	7989	7994	8039	8044	8048	8055	8126	8135	8160	8190	8193	8194	8256	8262	8265	8270	8272	8293	8295	8297	8299	8301	8303	8381	8410	8578	8966	9285	9332	9350	9473	9518	9535	9640	9650	9733	9735	9751	9775	9813	9853	9868	9869	9929	9930	9932	9990	10029	10227	10290	10440	10443	10549	10553	10678	10689	10702	10707	10757	10787	10808	10839	10848	10881	10909	10970	10972	10983	11005	11018	11040	11053	11120	11124	11144	11163	
1036	1039	1042	1169	1479	1480	1829	1860	2239	2243	2244	2246	2255	2293	2295	2297	2299	2301	4047	4074	4378	4596	4692	4694	4995	5968	6041	6435	6459	6588	6702	6852	6984	7799	7895	7970	7994	8262	8265	8270	8272	8293	8295	8297	8299	8301	8303	8410	9350	9473	9518	9535	9733	9775	9853	9930	10707	10757	11005	11040	
1	43	71	83	85	88	138	184	203	204	219	220	232	243	297	326	408	410	436	467	556	563	580	657	780	826	925	934	940	975	1014	1094	1156	1198	1199	1328	1335	1415	1488	1584	1776	1818	1872	1895	1897	1934	1939	1960	2005	2008	2040	2177	2203	2272	2273	2274	2322	2389	2391	2393	2706	2707	3001	3815	3816	3817	3904	3906	3944	3948	3982	4110	4176	4198	4204	4209	4211	4236	4373	4493	4495	4518	4523	4553	4555	4594	4623	4689	4702	4731	4785	4816	4829	4834	4848	4880	4928	4937	4938	4979	5044	5068	5069	5090	5142	5166	5298	5625	5965	5994	5996	6008	6023	6059	6097	6100	6162	6163	6214	6304	6321	6346	6379	6417	6437	6454	6495	6560	6573	6590	6645	6658	6672	6687	6701	6710	6724	6745	6746	6782	6784	6794	6806	6875	6928	6991	7800	7846	7890	7932	7938	7958	7964	7973	7992	7997	8001	8039	8044	8048	8113	8115	8135	8154	8160	8183	8185	8193	8194	8256	8284	8381	8947	9285	9332	9527	9640	9732	9735	9751	9868	9869	9929	9931	9932	9963	9990	10029	10102	10440	10443	10553	10689	10691	10702	10757	10787	10802	10839	10841	10881	10909	10968	10970	10972	10983	11053	11120	11139	
87	103	105	145	185	193	199	227	248	262	300	312	350	352	404	411	417	430	469	489	490	491	549	550	575	595	596	615	696	728	786	789	815	832	849	873	918	926	931	947	948	949	971	1013	1015	1069	1080	1081	1098	1123	1126	1169	1179	1262	1341	1343	1405	1422	1484	1502	1506	1514	1590	1598	1615	1616	1632	1633	1634	1650	1657	1682	1684	1778	1781	1782	1830	1864	1890	1891	1893	1912	1931	1958	1996	2007	2020	2037	2039	2052	2066	2081	2110	2112	2141	2143	2189	2194	2198	2204	2210	2239	2241	2243	2244	2246	2255	2293	2295	2297	2299	2301	2321	2390	2460	2636	2839	2856	3327	3339	3396	3591	3592	3885	3887	3890	3962	3983	4028	4046	4067	4091	4101	4125	4132	4148	4180	4184	4233	4234	4250	4269	4270	4316	4328	4469	4471	4492	4507	4548	4552	4554	4557	4566	4579	4663	4665	4688	4704	4746	4769	4774	4782	4821	4857	4879	4908	4912	4913	4951	4967	4969	4980	5042	5058	5096	5097	5140	5163	5203	5207	5295	5733	5757	5881	5889	5973	6041	6047	6063	6286	6289	6290	6292	6307	6318	6326	6327	6331	6339	6348	6359	6365	6389	6395	6396	6426	6431	6434	6435	6455	6473	6477	6480	6491	6500	6530	6545	6546	6568	6576	6587	6588	6604	6612	6618	6630	6659	6679	6695	6696	6702	6717	6744	6748	6765	6766	6793	6809	6823	6852	6936	6950	6984	6988	7033	7035	7073	7288	7528	7554	7651	7793	7799	7802	7819	7834	7895	7934	7952	7962	7983	7985	7989	7994	8029	8057	8117	8123	8131	8133	8147	8172	8213	8221	8225	8241	8249	8262	8265	8270	8272	8275	8293	8295	8297	8299	8301	8303	8316	8321	8340	8350	8351	8354	8410	8468	8578	8681	8688	9271	9276	9344	9373	9379	9393	9398	9402	9417	9418	9425	9427	9455	9483	9501	9543	9573	9588	9612	9620	9639	9650	9672	9704	9712	9743	9759	9793	9794	9813	9830	9836	9851	9910	9933	9978	9985	10184	10209	10235	10273	10290	10463	10491	10539	10551	10575	10666	10668	10675	10696	10698	10705	10731	10747	10757	10760	10783	10797	10808	10849	10860	10868	10873	10903	10913	10921	10922	10924	10936	10961	10967	10999	11005	11018	11034	11040	11088	11122	11134	11370	
87	103	105	145	185	193	199	227	262	300	312	350	352	411	417	430	469	489	490	491	549	550	575	595	596	615	696	728	786	832	849	873	918	926	931	947	948	949	971	1013	1015	1069	1080	1081	1098	1123	1126	1169	1179	1262	1341	1343	1405	1422	1484	1502	1506	1514	1590	1598	1615	1616	1632	1633	1634	1650	1657	1682	1684	1778	1781	1782	1830	1864	1890	1891	1893	1912	1931	1958	1996	2007	2020	2037	2052	2066	2081	2110	2112	2141	2189	2194	2198	2204	2210	2239	2241	2243	2244	2246	2255	2293	2295	2297	2299	2301	2321	2390	2460	2636	2839	2856	3327	3339	3396	3591	3592	3885	3887	3890	3962	3983	4028	4046	4067	4091	4101	4125	4132	4148	4180	4184	4233	4234	4250	4269	4270	4316	4328	4492	4507	4548	4554	4557	4566	4579	4663	4665	4688	4704	4746	4769	4774	4782	4821	4857	4908	4912	4913	4951	4967	4969	4980	5042	5058	5096	5097	5140	5163	5203	5207	5295	5733	5881	5889	5973	6041	6047	6286	6290	6307	6318	6326	6327	6331	6339	6348	6365	6389	6395	6396	6426	6431	6434	6435	6455	6473	6477	6480	6491	6500	6530	6545	6546	6568	6576	6587	6588	6604	6612	6618	6630	6659	6679	6695	6696	6702	6717	6744	6748	6765	6766	6793	6809	6823	6852	6936	6950	6984	6988	7033	7035	7073	7288	7528	7554	7651	7793	7799	7802	7819	7895	7934	7952	7962	7983	7985	7989	7994	8029	8057	8117	8123	8131	8133	8147	8172	8221	8225	8241	8249	8262	8265	8270	8272	8275	8293	8295	8297	8299	8301	8303	8316	8321	8340	8350	8351	8354	8410	8468	8578	8681	9271	9276	9344	9373	9379	9393	9398	9402	9417	9418	9425	9455	9483	9501	9543	9573	9612	9620	9639	9672	9704	9712	9743	9793	9794	9813	9836	9910	9933	9978	9985	10184	10209	10235	10273	10290	10551	10575	10666	10668	10675	10696	10705	10731	10757	10760	10783	10797	10808	10849	10868	10873	10903	10913	10921	10922	10924	10936	10961	10967	10999	11005	11018	11034	11040	11088	11122	11134	11370	
22	25	51	52	88	115	135	229	326	341	377	378	379	380	388	501	551	553	556	560	580	603	657	659	974	998	1014	1037	1039	1046	1064	1068	1088	1215	1216	1398	1400	1423	1488	1517	1581	1588	1631	1649	1656	1662	1679	1819	1820	1870	1872	1903	2039	2077	2092	2161	2177	2187	2248	2250	2272	2273	2274	2304	2383	2391	2393	2426	2653	3300	3817	3883	3888	3894	3896	3898	3901	3905	3946	4110	4111	4197	4198	4211	4236	4266	4358	4373	4397	4493	4545	4553	4556	4642	4709	4726	4729	4745	4789	4829	4845	5076	5087	5101	5158	5169	5174	5190	5353	6057	6100	6281	6283	6323	6373	6399	6437	6443	6510	6573	6582	6590	6609	6645	6654	6700	6710	6714	6738	6767	6784	6806	6845	6933	6944	6992	7216	7218	7268	7352	7408	7517	7521	7523	7808	7890	7898	7933	7941	7950	7964	7975	7997	8005	8008	8018	8044	8053	8059	8069	8115	8124	8166	8167	8184	8193	8194	8236	8257	8267	8274	8284	8304	9243	9253	9285	9317	9427	9605	9617	9661	9675	9680	9751	9756	9757	9830	9868	9869	9912	10031	10083	10463	10481	10543	10559	10568	10584	10677	10685	10757	10774	10782	10800	10839	10876	10968	10975	10990	11029	11030	11154	11323	11366	
135	229	1068	1088	1400	1581	1819	2092	2161	2187	3300	3896	4197	4358	4397	4493	4553	4556	4709	4729	5169	5190	5353	6323	6399	6510	6590	6645	6654	6700	6714	6767	6784	6944	7408	7517	7521	7523	7808	7950	8005	8008	8166	8167	8236	8284	9605	10083	10481	10568	10584	10677	10685	10757	10839	10968	11366	
478	556	592	693	823	832	999	1110	1215	1216	1398	1631	1656	1679	1872	1903	1935	1996	2036	2177	2426	2653	2788	3889	3898	4201	4405	4492	4548	4740	4839	5233	5773	5894	6298	6389	6402	6437	6443	6543	6573	6609	6626	6678	6686	6766	6806	6823	6845	6933	7802	7909	7962	8044	8046	8047	8048	8124	8130	8184	8193	8194	8204	8257	8267	8275	8340	8681	8947	9126	9144	9147	9243	9285	9317	9417	9680	9706	9733	9834	10017	10031	10039	10169	10237	10397	10480	10687	10729	10732	10757	10777	10841	10879	10967	10975	10990	10999	11019	11029	11030	
44	46	88	99	129	138	193	264	341	410	469	477	489	490	558	563	575	595	596	685	785	815	826	924	931	945	974	1014	1051	1064	1069	1087	1088	1090	1097	1129	1181	1189	1198	1328	1358	1503	1513	1581	1588	1593	1647	1682	1684	1781	1782	1877	1885	1890	1891	1895	1902	1938	1939	1941	2006	2017	2029	2033	2044	2081	2110	2112	2132	2141	2161	2178	2187	2200	2241	2325	2353	2383	2397	2398	2399	2400	2412	3387	3815	3816	3844	3845	3882	3893	3908	3946	3988	4066	4110	4111	4161	4197	4198	4211	4236	4252	4270	4311	4318	4326	4358	4471	4493	4495	4505	4506	4545	4553	4555	4556	4594	4623	4709	4729	4731	4767	4774	4782	4785	4789	4790	4831	4835	4845	4883	4899	4935	4979	5042	5048	5059	5116	5162	5169	5947	6100	6162	6163	6177	6225	6331	6399	6416	6418	6444	6458	6495	6500	6535	6546	6582	6588	6596	6613	6614	6629	6645	6659	6688	6702	6710	6714	6745	6791	6803	6875	6943	6950	6972	7801	7868	7908	7952	7957	7973	7975	7985	7992	7997	8001	8012	8018	8029	8053	8059	8060	8078	8117	8139	8147	8171	8207	8236	8253	8321	8346	8351	8354	8468	9244	9320	9322	9330	9412	9509	9542	9590	9612	9653	9669	9675	9697	9702	9704	9709	9713	9780	9853	9868	9869	9870	9891	9929	9985	9998	10032	10042	10044	10167	10208	10476	10481	10532	10555	10567	10575	10584	10640	10691	10747	10757	10758	10774	10793	10824	10838	10849	10860	10876	10896	10936	11088	11113	11153	11154	
58	71	87	203	204	209	219	220	229	232	260	262	263	686	730	782	844	873	918	922	934	1013	1015	1023	1077	1123	1169	1179	1183	1262	1488	1818	1864	1910	2008	2011	2034	2094	2218	2239	2243	2244	2246	2255	2293	2295	2297	2299	2301	2884	3339	3888	3909	3982	4240	4414	4492	4507	4517	4523	4557	4579	4597	4688	4698	4733	4799	4821	4929	5068	5073	5087	5190	5741	5799	6004	6041	6215	6276	6290	6301	6302	6318	6320	6326	6327	6389	6431	6435	6454	6456	6477	6496	6571	6574	6577	6590	6631	6696	6767	6784	6785	6806	6823	6926	6936	6953	7543	7544	7799	7818	7819	7869	7895	7934	7962	7994	7996	8016	8116	8124	8166	8167	8231	8257	8262	8265	8270	8272	8284	8292	8293	8295	8297	8299	8301	8303	8316	8340	8681	8811	9276	9315	9373	9417	9420	9425	9640	9643	9712	9732	9751	9807	9836	10061	10072	10236	10578	10677	10685	10733	10757	10839	10868	10889	10908	10968	10975	10999	11005	11047	11122	11151	
58	71	87	203	204	219	220	232	260	262	263	686	730	782	844	873	918	922	934	1013	1015	1023	1077	1123	1169	1179	1183	1262	1488	1818	1864	1910	2008	2011	2034	2094	2218	2239	2243	2244	2246	2255	2293	2295	2297	2299	2301	2884	3339	3888	3982	4414	4492	4507	4517	4523	4557	4579	4688	4698	4821	4929	5068	5073	5087	5190	5741	6004	6041	6276	6290	6301	6302	6318	6326	6327	6431	6435	6454	6456	6477	6496	6571	6577	6590	6631	6696	6767	6784	6785	6806	6936	6953	7543	7544	7799	7818	7819	7869	7895	7934	7962	7994	7996	8016	8116	8124	8166	8167	8231	8257	8262	8265	8270	8272	8284	8292	8293	8295	8297	8299	8301	8303	8316	8340	9276	9315	9373	9417	9420	9425	9640	9712	9732	9751	9836	10061	10072	10578	10685	10733	10757	10839	10868	10908	10968	10975	11005	11047	11122	
28	44	46	88	119	149	151	209	212	229	342	350	407	410	411	449	452	489	490	556	558	564	592	634	685	697	781	826	832	877	881	968	974	975	999	1010	1014	1016	1047	1099	1136	1138	1212	1214	1215	1216	1220	1313	1324	1364	1405	1406	1476	1480	1493	1494	1504	1510	1547	1598	1613	1622	1632	1635	1648	1650	1657	1658	1781	1782	1830	1887	1902	1928	1934	1938	1962	1974	2010	2019	2036	2052	2103	2129	2141	2177	2189	2229	2321	2337	2349	2383	2788	2944	3001	3387	3740	3910	3941	3962	4028	4047	4091	4110	4113	4188	4193	4198	4240	4253	4260	4262	4269	4270	4284	4304	4318	4474	4493	4536	4543	4548	4552	4553	4554	4556	4566	4580	4630	4643	4689	4690	4691	4697	4756	4782	4799	4816	4839	4842	4928	4967	5123	5161	5514	5717	5725	5799	5850	5894	6084	6118	6389	6398	6402	6410	6426	6436	6468	6500	6511	6546	6560	6572	6574	6587	6588	6609	6613	6620	6621	6654	6660	6676	6702	6721	6746	6773	6774	6823	6951	6984	7084	7087	7308	7570	7660	7661	7773	7786	7798	7802	7804	7842	7984	8046	8047	8048	8063	8160	8165	8172	8181	8205	8213	8217	8218	8221	8224	8225	8338	8351	8438	8439	8499	8624	8681	8811	9271	9284	9347	9360	9427	9542	9588	9589	9605	9623	9639	9649	9654	9661	9703	9757	9759	9775	9777	9795	9798	9807	9818	9887	9910	9981	9985	9990	9998	10020	10027	10032	10235	10236	10318	10322	10382	10390	10478	10479	10549	10551	10576	10630	10639	10677	10699	10701	10705	10731	10756	10757	10758	10760	10776	10783	10805	10806	10882	10912	10922	10934	10936	10959	10996	10999	11053	11148	11188	11266	11447	
592	685	826	832	881	999	1215	1216	1504	1510	1902	1934	2036	2944	4284	4474	4493	4553	4556	5799	6389	6560	6588	6609	6613	6823	7802	7984	8046	8047	8048	8681	9588	9589	9605	9703	10236	10479	10757	10776	10999	
88	89	119	120	187	209	230	254	341	342	403	407	464	465	469	476	576	592	602	603	634	656	659	668	685	781	785	826	832	881	975	999	1014	1016	1324	1406	1424	1476	1494	1504	1510	1513	1523	1584	1598	1632	1684	1781	1782	1890	1891	1902	1934	2036	2052	2110	2112	2150	2198	2204	2235	2238	2245	2247	2248	2272	2273	2274	2292	2294	2296	2298	2300	2302	2353	2383	2391	2944	3001	3387	3688	3815	3816	3856	3893	4091	4110	4111	4193	4198	4208	4209	4211	4236	4261	4262	4284	4474	4489	4493	4536	4548	4550	4553	4556	4733	4747	4782	4799	4816	4830	4842	4881	4899	4910	4928	5192	5226	5717	6084	6100	6127	6157	6162	6163	6185	6309	6331	6389	6436	6500	6511	6546	6560	6587	6588	6613	6676	6708	6721	6738	6746	6750	6773	6794	6818	6875	6888	6907	6942	6984	6988	7775	7777	7835	7839	7899	7907	7984	7992	8001	8021	8028	8039	8046	8047	8048	8160	8169	8210	8217	8218	8220	8221	8225	8249	8266	8268	8269	8271	8274	8278	8294	8296	8298	8300	8302	8304	8346	8811	8947	9284	9527	9542	9588	9589	9605	9620	9639	9643	9654	9703	9747	9757	9807	9818	9887	9912	9938	9985	9990	9998	10223	10444	10478	10480	10553	10566	10691	10701	10731	10756	10757	10758	10759	10760	10841	10894	10896	10903	10934	10936	10959	11053	11088	11091	11148	
