1236	2668	
516	850	874	1216	1236	1564	1565	1828	1829	2594	2603	2662	2701	2720	
695	774	796	810	1006	1044	1197	1233	1234	1236	1378	1890	1919	2370	2417	2465	2515	2516	2552	2553	2584	2585	2594	2614	2823	2824	2913	
72	167	183	207	213	225	227	253	254	274	357	358	375	377	403	426	459	462	463	464	465	466	515	516	567	578	579	590	597	598	640	656	696	715	793	814	821	824	850	872	889	962	997	1018	1029	1058	1059	1089	1090	1092	1101	1113	1119	1120	1130	1131	1133	1149	1155	1162	1164	1199	1216	1232	1236	1239	1251	1275	1279	1284	1291	1293	1311	1356	1362	1404	1419	1421	1422	1467	1484	1491	1571	1572	1573	1579	1592	1594	1600	1601	1602	1605	1606	1607	1627	1655	1708	1739	1740	1770	1778	1788	1828	1829	1831	1844	1859	1918	1923	2020	2037	2040	2041	2044	2046	2059	2067	2069	2082	2106	2107	2132	2152	2167	2168	2192	2204	2205	2233	2235	2245	2330	2343	2344	2455	2483	2489	2556	2578	2581	2592	2594	2602	2603	2618	2619	2653	2654	2662	2672	2700	2701	2716	2721	2729	2734	2735	2744	2747	2766	2816	2838	2839	2853	2872	2873	2889	2909	2942	2943	2944	
375	377	516	814	850	872	1059	1101	1216	1236	1828	1829	2592	2594	2603	2618	2662	2700	2701	
20	69	70	71	72	73	74	75	78	79	80	84	88	89	90	91	92	93	94	97	98	99	100	101	102	103	104	105	106	109	110	125	127	130	153	164	165	166	167	168	186	187	188	191	192	207	219	220	223	224	225	226	245	246	247	249	253	254	260	261	264	282	283	284	285	312	313	336	337	349	357	358	376	382	392	402	425	426	448	482	489	507	509	524	542	543	549	550	567	573	574	583	584	585	590	597	598	636	650	652	654	656	658	660	662	668	670	672	695	700	706	731	739	774	796	807	810	833	861	870	873	967	1005	1006	1088	1090	1091	1092	1103	1114	1130	1134	1142	1143	1144	1146	1161	1162	1163	1165	1189	1197	1198	1207	1212	1213	1233	1234	1236	1239	1244	1251	1275	1276	1286	1299	1301	1316	1323	1347	1362	1364	1366	1376	1383	1384	1387	1388	1404	1405	1406	1418	1427	1428	1429	1433	1434	1436	1450	1453	1456	1457	1459	1460	1470	1471	1472	1475	1477	1478	1482	1485	1492	1503	1505	1516	1555	1559	1564	1608	1610	1622	1639	1640	1641	1644	1649	1650	1653	1661	1662	1678	1679	1689	1690	1695	1700	1701	1702	1715	1731	1732	1733	1734	1735	1737	1738	1739	1740	1790	1832	1841	1844	1860	1874	1886	1887	1890	1898	1899	1900	1918	1919	1921	1936	1944	1948	1952	1957	1960	1961	1985	1996	2020	2025	2030	2031	2040	2041	2042	2043	2044	2045	2046	2047	2059	2063	2064	2065	2067	2069	2074	2075	2076	2085	2090	2106	2107	2127	2128	2131	2132	2138	2143	2148	2153	2167	2168	2169	2175	2190	2194	2199	2200	2201	2203	2218	2223	2233	2235	2245	2246	2253	2255	2261	2272	2289	2290	2291	2292	2298	2299	2300	2301	2302	2303	2304	2305	2308	2314	2315	2319	2322	2323	2324	2325	2326	2330	2333	2334	2352	2365	2383	2384	2417	2418	2419	2439	2453	2455	2462	2465	2483	2489	2492	2498	2500	2515	2516	2549	2552	2553	2556	2584	2585	2586	2588	2594	2597	2598	2602	2604	2605	2633	2635	2672	2673	2686	2702	2703	2704	2716	2726	2729	2737	2738	2740	2816	2821	2823	2824	2826	2838	2839	2853	2858	2873	2876	2888	2913	2915	2923	2942	2945	
695	706	731	774	796	810	861	1006	1161	1165	1197	1233	1234	1236	1286	1301	1376	1482	1485	1653	1890	1919	1921	2138	2203	2245	2246	2383	2384	2417	2418	2419	2465	2492	2515	2516	2552	2553	2584	2585	2594	2633	2686	2823	2824	2873	2913	
24	69	70	78	79	80	81	88	89	91	97	98	99	100	101	103	109	110	125	153	160	167	169	186	207	223	224	226	227	232	237	238	266	276	282	283	297	305	307	311	347	349	358	369	374	377	382	393	394	420	421	451	452	507	515	517	524	542	544	567	582	597	598	616	645	650	652	668	670	672	709	726	814	872	892	926	962	973	1058	1059	1074	1075	1101	1111	1115	1130	1134	1199	1207	1216	1217	1236	1239	1251	1361	1362	1378	1390	1395	1404	1422	1436	1456	1457	1460	1470	1471	1472	1491	1503	1561	1579	1583	1584	1605	1606	1607	1608	1622	1624	1655	1664	1665	1689	1690	1715	1726	1731	1732	1733	1751	1753	1771	1811	1828	1829	1831	1847	1887	1907	1960	1961	2020	2037	2040	2041	2046	2106	2107	2143	2153	2155	2167	2175	2192	2199	2200	2218	2231	2233	2235	2244	2258	2289	2290	2291	2298	2300	2322	2324	2330	2345	2352	2360	2366	2370	2409	2410	2411	2483	2485	2489	2542	2589	2592	2594	2603	2604	2605	2618	2654	2658	2672	2700	2701	2716	2721	2783	2784	2798	2821	2838	2839	2853	2872	2882	2909	
207	224	226	374	377	515	517	726	814	872	1059	1101	1115	1130	1216	1217	1236	1622	1624	1715	1731	1811	1828	1829	2192	2409	2410	2411	2489	2592	2594	2603	2618	2672	2700	2701	2838	
168	223	382	573	695	706	731	774	796	861	870	873	896	1006	1103	1161	1165	1197	1233	1234	1236	1239	1253	1286	1301	1347	1378	1450	1453	1482	1485	1492	1653	1739	1740	1841	1887	1909	1919	1921	2012	2106	2107	2138	2143	2175	2199	2200	2203	2245	2246	2261	2370	2383	2384	2417	2418	2419	2446	2492	2515	2516	2552	2553	2594	2602	2605	2633	2686	2702	2703	2704	2737	2738	2740	2748	2749	2823	2824	2839	2849	2873	2913	
1	20	24	30	48	69	70	78	79	80	81	84	88	89	91	97	98	99	100	101	103	109	110	125	133	153	160	167	169	191	207	227	232	237	238	311	358	377	410	426	430	437	438	444	445	451	452	500	501	502	517	518	524	531	544	550	551	556	562	567	578	579	582	597	598	651	653	668	670	673	726	803	814	826	872	892	1012	1017	1018	1027	1058	1059	1074	1075	1101	1130	1134	1185	1186	1193	1199	1216	1217	1236	1243	1273	1356	1357	1361	1362	1390	1395	1404	1420	1421	1422	1424	1443	1456	1457	1461	1467	1468	1470	1471	1472	1503	1530	1579	1600	1601	1602	1605	1606	1607	1608	1623	1655	1689	1690	1713	1731	1732	1733	1782	1828	1829	1831	1847	1860	1873	1908	1911	1915	1923	1929	1941	1942	1950	1951	1960	1968	1979	2020	2037	2048	2059	2100	2155	2167	2168	2192	2218	2232	2233	2235	2239	2241	2291	2298	2300	2324	2330	2352	2409	2410	2411	2483	2489	2578	2579	2589	2592	2594	2603	2608	2618	2653	2654	2658	2672	2678	2687	2700	2701	2716	2723	2783	2784	2821	2838	2853	2872	2918	
377	517	726	814	872	1058	1059	1074	1075	1101	1216	1217	1236	1424	1713	1828	1829	1860	2048	2409	2410	2411	2592	2594	2603	2618	2700	2701	2723	
125	130	167	168	188	207	223	239	382	429	457	482	524	573	695	700	706	739	774	796	810	833	834	861	870	873	896	1006	1103	1136	1161	1165	1184	1189	1197	1212	1226	1227	1228	1233	1234	1236	1276	1286	1295	1296	1297	1301	1308	1316	1323	1347	1369	1370	1371	1372	1373	1374	1376	1450	1453	1470	1471	1472	1478	1482	1485	1492	1516	1557	1558	1653	1691	1700	1701	1731	1732	1733	1734	1739	1740	1841	1888	1909	1919	1921	1942	1951	1960	1961	1996	2117	2138	2141	2143	2175	2199	2200	2203	2215	2216	2217	2245	2246	2308	2314	2315	2319	2325	2326	2333	2334	2383	2384	2417	2465	2515	2516	2552	2553	2584	2585	2594	2602	2604	2605	2633	2635	2672	2686	2702	2703	2704	2737	2738	2740	2748	2749	2823	2824	2825	2838	2853	2873	2913	
168	207	223	382	573	695	706	774	796	810	861	870	873	896	1006	1103	1161	1165	1197	1233	1234	1236	1286	1301	1316	1323	1347	1376	1450	1453	1482	1485	1492	1653	1731	1739	1740	1841	1888	1909	1919	1921	2138	2143	2175	2199	2200	2203	2245	2246	2383	2384	2417	2465	2515	2516	2552	2553	2584	2585	2594	2602	2605	2633	2672	2686	2702	2703	2704	2737	2738	2740	2748	2749	2823	2824	2838	2873	2913	
48	69	70	71	73	78	79	80	88	89	90	91	92	97	98	99	100	101	102	103	104	109	110	125	132	134	148	153	154	167	178	179	183	184	186	191	192	212	245	252	358	377	408	426	451	452	482	484	485	517	524	560	567	571	572	578	579	595	597	598	619	650	652	655	659	668	670	673	696	726	803	807	814	872	888	892	1005	1018	1026	1030	1031	1036	1058	1059	1061	1062	1090	1092	1093	1096	1097	1098	1099	1100	1101	1116	1125	1126	1130	1134	1142	1163	1189	1199	1207	1216	1217	1232	1236	1239	1244	1253	1260	1269	1275	1283	1298	1299	1312	1351	1352	1356	1357	1362	1363	1365	1378	1401	1404	1408	1409	1418	1420	1421	1422	1435	1436	1456	1457	1460	1462	1463	1467	1468	1470	1471	1472	1503	1520	1579	1600	1601	1602	1605	1606	1607	1608	1623	1634	1655	1656	1689	1690	1725	1732	1733	1828	1829	1831	1835	1854	1855	1912	1923	1936	1948	1955	1957	1958	1959	1960	1979	2000	2012	2017	2020	2037	2059	2106	2107	2108	2118	2133	2152	2155	2167	2168	2192	2201	2211	2218	2224	2230	2232	2233	2235	2262	2264	2291	2298	2300	2324	2330	2352	2357	2370	2409	2410	2411	2451	2454	2483	2489	2491	2567	2573	2574	2578	2579	2589	2592	2594	2603	2618	2653	2654	2658	2692	2700	2701	2715	2716	2733	2766	2783	2784	2821	2825	2839	2840	2844	2849	2853	2856	2872	2909	
377	517	726	814	872	1059	1101	1216	1217	1236	1239	1298	1299	1436	1623	1725	1828	1829	2012	2106	2107	2409	2410	2411	2592	2594	2603	2618	2700	2701	2766	2839	2849	
7	168	207	223	382	439	446	524	537	552	573	695	706	774	810	857	870	873	896	1043	1103	1161	1165	1197	1233	1236	1263	1301	1344	1347	1450	1453	1482	1485	1492	1630	1631	1653	1733	1739	1740	1841	1885	1887	1907	1909	1919	1921	1931	1945	1952	1960	2138	2143	2175	2199	2200	2203	2230	2245	2246	2261	2383	2384	2446	2464	2465	2491	2515	2516	2584	2585	2594	2595	2602	2605	2633	2672	2676	2677	2687	2702	2703	2704	2737	2738	2740	2748	2749	2823	2824	2838	2873	
49	91	103	125	128	136	148	153	161	170	183	184	212	239	246	252	282	283	284	285	364	377	517	575	595	619	627	640	674	675	676	677	678	679	771	805	814	829	872	877	955	1006	1018	1034	1058	1059	1085	1088	1089	1090	1091	1092	1101	1114	1134	1136	1143	1189	1207	1234	1236	1239	1253	1288	1295	1296	1297	1312	1316	1323	1356	1357	1358	1362	1363	1378	1467	1468	1469	1470	1471	1472	1490	1497	1556	1608	1634	1653	1714	1731	1732	1734	1770	1828	1829	1834	1837	1854	1855	1859	1878	1961	1980	2012	2020	2028	2037	2048	2053	2055	2106	2107	2118	2133	2141	2190	2192	2213	2214	2217	2222	2296	2297	2300	2307	2308	2322	2330	2348	2370	2501	2578	2579	2580	2592	2594	2603	2604	2618	2628	2629	2700	2701	2721	2766	2821	2822	2825	2839	2849	2856	2863	2864	2865	2872	2873	2889	2895	2908	2909	2913	2942	
69	70	72	78	79	80	88	89	91	97	98	99	100	101	103	109	110	125	136	153	161	167	170	186	239	377	457	489	517	518	575	650	652	656	668	670	672	674	675	676	677	678	679	690	691	695	774	805	814	872	892	955	1006	1043	1059	1101	1114	1134	1136	1184	1189	1197	1207	1226	1227	1228	1233	1236	1239	1253	1295	1296	1297	1362	1369	1370	1371	1372	1373	1374	1456	1457	1460	1470	1471	1472	1503	1608	1689	1690	1691	1714	1731	1732	1734	1739	1740	1782	1828	1829	1907	1919	1960	1961	2011	2117	2141	2192	2213	2214	2215	2216	2217	2218	2222	2259	2291	2296	2297	2298	2300	2307	2308	2324	2330	2348	2352	2515	2516	2592	2594	2602	2603	2604	2618	2700	2701	2821	2823	2824	2825	2838	2853	2864	2865	2872	2895	2909	
191	192	256	377	482	517	688	689	774	810	857	870	926	1103	1130	1161	1165	1234	1236	1378	1411	1418	1424	1622	1713	1828	1829	1909	1921	2192	2370	2417	2464	2465	2515	2516	2584	2585	2594	2603	2633	2676	2677	2703	2704	2723	2798	2822	2890	2913	
575	695	706	814	857	872	955	1006	1043	1059	1101	1161	1197	1233	1236	1482	1485	1653	1828	1907	1919	2222	2259	2383	2384	2464	2492	2592	2594	2603	2618	2633	2676	2677	2700	2701	2823	2824	2864	2865	
69	70	71	73	75	78	79	80	88	89	90	91	92	94	97	98	99	100	101	102	103	104	106	109	110	125	128	132	153	154	164	165	166	168	185	187	191	192	195	212	223	224	225	226	243	246	247	253	254	264	312	313	336	337	349	357	358	376	377	382	402	425	426	482	489	507	509	524	542	543	546	549	550	567	573	574	575	579	580	583	584	590	597	598	636	650	652	654	658	662	668	670	672	695	774	810	832	857	870	896	967	1005	1006	1018	1021	1028	1032	1033	1037	1043	1103	1104	1114	1130	1134	1140	1143	1144	1161	1162	1163	1165	1197	1198	1207	1212	1213	1233	1236	1239	1244	1251	1299	1301	1316	1323	1358	1362	1364	1367	1383	1384	1387	1404	1405	1406	1418	1427	1428	1429	1436	1440	1450	1453	1459	1461	1469	1470	1471	1472	1475	1477	1492	1511	1515	1608	1622	1639	1678	1679	1700	1701	1702	1732	1733	1734	1738	1739	1740	1786	1832	1833	1841	1844	1860	1886	1888	1895	1898	1899	1907	1909	1918	1919	1921	1960	1961	1991	1995	2020	2023	2030	2031	2040	2041	2042	2043	2044	2045	2046	2047	2059	2060	2063	2064	2067	2069	2071	2074	2075	2106	2107	2127	2129	2136	2138	2143	2148	2152	2153	2167	2168	2169	2175	2190	2199	2200	2201	2203	2222	2223	2233	2235	2243	2245	2246	2253	2259	2272	2289	2290	2291	2292	2298	2299	2300	2301	2302	2303	2304	2305	2323	2324	2330	2417	2433	2439	2446	2453	2455	2462	2464	2465	2483	2489	2515	2516	2537	2556	2580	2584	2585	2594	2597	2602	2604	2605	2633	2634	2672	2673	2676	2677	2701	2703	2704	2716	2726	2729	2737	2738	2740	2748	2749	2816	2821	2823	2824	2826	2838	2839	2849	2856	2873	2876	2888	2915	2923	2945	
132	168	243	377	524	546	573	575	695	774	810	832	857	870	896	1006	1018	1028	1043	1103	1140	1161	1165	1197	1233	1236	1301	1450	1453	1492	1511	1733	1739	1740	1841	1895	1907	1909	1918	1919	1921	1960	1961	1991	2060	2067	2069	2071	2106	2107	2138	2203	2222	2245	2246	2259	2417	2464	2465	2515	2516	2584	2585	2594	2602	2604	2633	2634	2672	2676	2677	2701	2703	2704	2737	2738	2740	2748	2749	2823	2824	2838	2839	2849	2873	
191	192	256	363	377	482	517	688	689	774	810	870	1103	1130	1165	1234	1236	1288	1344	1345	1378	1418	1490	1497	1622	1653	1713	1828	1829	1909	1921	2192	2370	2417	2465	2489	2515	2516	2584	2585	2594	2595	2603	2672	2703	2704	2822	2890	2913	
180	181	182	212	223	243	252	377	382	426	546	567	575	578	579	595	597	598	619	688	689	695	696	774	808	810	813	821	870	873	882	1005	1006	1025	1028	1058	1085	1088	1089	1090	1091	1092	1103	1127	1140	1165	1197	1212	1233	1234	1236	1241	1269	1276	1308	1316	1323	1344	1347	1353	1354	1355	1363	1378	1419	1421	1464	1465	1466	1511	1634	1700	1701	1739	1740	1888	1895	1909	1918	1921	1960	1991	2020	2059	2060	2067	2069	2071	2106	2107	2118	2143	2152	2155	2167	2168	2175	2199	2200	2259	2370	2399	2417	2446	2465	2489	2515	2516	2575	2576	2577	2582	2584	2585	2593	2594	2595	2602	2605	2617	2672	2702	2703	2704	2708	2822	2823	2824	2838	2839	2849	2856	2872	2873	2909	
212	223	252	377	382	426	567	575	578	579	595	597	598	619	688	689	695	696	774	810	821	870	873	1006	1089	1090	1092	1103	1127	1165	1197	1212	1233	1234	1236	1276	1316	1323	1347	1363	1378	1419	1421	1634	1700	1701	1739	1740	1888	1909	1918	1921	2059	2067	2069	2106	2107	2118	2143	2152	2155	2167	2168	2175	2199	2200	2259	2370	2417	2446	2465	2515	2516	2584	2585	2593	2594	2602	2605	2672	2702	2703	2704	2822	2823	2824	2838	2839	2849	2856	2872	2873	2909	
191	192	256	377	482	517	774	857	872	1043	1049	1113	1114	1130	1161	1234	1236	1288	1376	1418	1490	1497	1622	1653	1714	1828	1829	1907	1909	1919	2192	2222	2464	2515	2516	2594	2603	2633	2676	2677	2700	2701	2890	2913	
191	192	207	223	256	377	382	482	517	695	774	810	857	872	873	955	1043	1103	1130	1161	1197	1233	1236	1347	1411	1418	1622	1731	1828	1829	1887	1907	1909	1919	2143	2175	2192	2199	2200	2222	2261	2417	2464	2465	2515	2516	2584	2585	2594	2603	2605	2633	2676	2677	2700	2701	2702	2823	2824	2838	2864	2865	2890	
191	192	256	377	482	517	695	774	857	872	1043	1103	1114	1130	1161	1197	1233	1234	1236	1376	1411	1418	1622	1714	1828	1829	1907	1909	1919	2192	2222	2464	2515	2516	2594	2603	2633	2676	2677	2700	2701	2823	2824	2890	2913	
377	517	706	814	872	955	1043	1059	1101	1114	1234	1236	1289	1376	1482	1485	1490	1653	1714	1828	1829	1907	1919	2192	2383	2384	2592	2594	2603	2618	2700	2701	2864	2865	2913	
695	706	814	872	955	1043	1059	1101	1197	1233	1236	1289	1482	1485	1490	1653	1828	1907	1919	2383	2384	2592	2594	2603	2618	2700	2701	2823	2824	2864	2865	
126	142	207	307	364	420	517	688	689	695	729	771	786	814	824	835	861	863	872	961	1059	1101	1113	1115	1161	1165	1197	1234	1236	1245	1250	1277	1286	1298	1299	1312	1345	1378	1435	1715	1739	1740	1828	1829	1909	1918	1921	2067	2069	2079	2099	2192	2368	2370	2424	2441	2442	2451	2454	2492	2592	2594	2602	2603	2618	2619	2633	2637	2654	2658	2672	2684	2685	2686	2700	2721	2783	2784	2822	2823	2824	2838	2844	2879	2880	2913	2918	
363	377	517	688	689	695	814	861	872	955	1059	1101	1115	1130	1161	1165	1197	1233	1234	1236	1286	1378	1622	1715	1828	1829	1921	2192	2370	2489	2592	2594	2603	2618	2633	2672	2686	2700	2701	2822	2823	2824	2864	2865	2913	
70	89	91	101	103	125	132	133	148	153	155	188	207	212	239	243	252	373	524	546	556	595	619	627	640	652	695	733	739	771	814	824	833	872	893	997	1017	1027	1043	1059	1101	1113	1140	1189	1197	1233	1236	1276	1295	1296	1297	1362	1363	1470	1471	1472	1478	1553	1608	1634	1700	1701	1732	1733	1770	1779	1790	1828	1907	1919	1932	1946	1960	2020	2028	2079	2090	2099	2118	2129	2132	2141	2190	2222	2231	2239	2241	2259	2261	2293	2308	2309	2314	2315	2319	2325	2326	2330	2333	2334	2421	2424	2492	2549	2570	2571	2592	2594	2603	2618	2619	2633	2635	2672	2678	2700	2701	2747	2823	2824	2825	2838	2839	2856	2858	2863	2872	2873	2895	2908	2909	2942	2944	
377	517	688	689	695	814	861	872	955	1059	1101	1115	1161	1165	1197	1234	1236	1286	1376	1424	1715	1828	1829	1921	2099	2192	2592	2594	2603	2618	2633	2686	2700	2701	2723	2823	2824	2864	2865	2913	
377	517	688	689	695	814	861	872	955	1059	1101	1115	1161	1165	1197	1233	1234	1236	1286	1376	1424	1715	1828	1829	1921	2192	2592	2594	2603	2618	2633	2686	2700	2701	2723	2823	2824	2864	2865	2913	
377	517	688	689	695	814	861	872	955	1059	1101	1115	1161	1165	1197	1232	1233	1236	1286	1376	1424	1715	1828	1829	1921	2192	2592	2594	2603	2618	2633	2686	2700	2701	2723	2823	2824	2864	2865	2913	
377	517	688	689	695	814	861	872	955	1043	1059	1101	1115	1161	1165	1197	1232	1233	1236	1286	1376	1715	1828	1829	1907	1919	1921	2192	2592	2594	2603	2618	2633	2686	2700	2701	2823	2824	2864	2865	2913	
197	207	212	252	373	575	595	619	627	640	695	740	814	872	893	977	1006	1059	1101	1149	1197	1232	1233	1236	1363	1378	1634	1713	1729	1770	1828	1863	1919	2028	2118	2128	2133	2153	2159	2243	2259	2261	2330	2370	2440	2508	2570	2571	2592	2594	2603	2618	2678	2700	2701	2747	2823	2824	2838	2839	2856	2857	2863	2872	2873	2895	2901	2908	2909	2942	
377	517	688	689	695	814	861	872	955	1043	1059	1101	1161	1165	1197	1232	1233	1236	1286	1378	1713	1828	1829	1907	1921	2370	2592	2594	2603	2618	2633	2686	2700	2701	2822	2823	2824	2864	2865	2913	
188	191	192	207	212	252	307	420	504	575	595	610	619	627	695	739	810	814	863	872	873	893	926	961	1006	1059	1101	1112	1149	1189	1197	1199	1232	1233	1236	1285	1347	1363	1376	1422	1478	1622	1634	1732	1790	1828	1919	2020	2028	2079	2090	2118	2128	2222	2259	2261	2308	2314	2315	2325	2326	2333	2334	2465	2549	2570	2571	2584	2585	2592	2594	2603	2618	2654	2658	2672	2684	2685	2700	2701	2702	2747	2783	2784	2798	2823	2824	2825	2838	2839	2856	2858	2872	2873	2879	2895	2908	2909	
377	517	688	689	695	814	861	872	955	1043	1059	1101	1161	1165	1197	1232	1233	1236	1286	1376	1713	1828	1829	1907	1919	1921	2592	2594	2603	2618	2633	2686	2700	2701	2823	2824	2864	2865	2913	
517	688	689	695	814	861	872	955	1043	1059	1101	1161	1165	1197	1232	1233	1236	1286	1378	1713	1828	1829	1907	1919	1921	2222	2370	2592	2594	2603	2618	2633	2686	2700	2701	2823	2824	2864	2865	2913	
688	689	695	814	861	872	893	955	1043	1059	1101	1161	1165	1197	1232	1233	1236	1286	1378	1828	1907	1919	1921	2370	2570	2571	2592	2594	2603	2618	2633	2686	2700	2747	2823	2824	2864	2865	2913	
197	208	575	627	640	688	689	695	740	810	814	824	872	1006	1059	1101	1113	1165	1197	1232	1233	1236	1316	1323	1376	1731	1739	1740	1770	1828	1909	1918	1919	1921	2028	2056	2067	2069	2133	2153	2259	2330	2338	2417	2440	2465	2492	2584	2585	2592	2594	2602	2603	2618	2619	2672	2700	2701	2823	2824	2838	2872	2873	2895	2908	2909	2942	
517	575	695	814	861	872	955	1006	1043	1059	1101	1114	1161	1197	1233	1236	1286	1714	1828	1829	1907	1919	2192	2222	2259	2492	2592	2594	2603	2618	2633	2686	2700	2701	2823	2824	2864	2865	
47	119	126	207	233	244	308	358	414	542	543	583	584	695	754	814	863	872	893	952	955	983	1019	1030	1043	1059	1101	1130	1141	1149	1197	1199	1207	1233	1236	1241	1269	1277	1288	1312	1422	1497	1554	1622	1653	1714	1828	1859	1907	1909	1911	1919	1934	1947	1978	2048	2049	2050	2079	2099	2148	2192	2194	2211	2222	2223	2259	2269	2270	2280	2424	2432	2483	2489	2570	2571	2592	2594	2603	2618	2620	2621	2654	2658	2684	2685	2700	2721	2747	2783	2784	2799	2823	2824	2838	2850	2864	2865	2876	
207	212	363	627	688	689	695	810	814	872	893	955	1059	1101	1130	1165	1197	1232	1233	1236	1288	1378	1497	1622	1630	1631	1653	1786	1828	1921	2028	2088	2126	2261	2370	2465	2489	2537	2570	2571	2584	2585	2592	2594	2603	2618	2672	2700	2701	2747	2823	2824	2839	2856	2864	2865	2872	2873	2895	2908	2909	2913	
4	207	212	436	443	524	534	549	627	688	689	695	810	814	861	872	955	1059	1101	1165	1197	1232	1233	1236	1378	1630	1631	1733	1786	1828	1879	1913	1919	1921	1938	1949	1960	2028	2088	2126	2222	2261	2370	2465	2537	2584	2585	2592	2594	2603	2618	2633	2686	2700	2701	2823	2824	2838	2839	2856	2864	2865	2872	2873	2895	2908	2909	2913	
2	52	77	91	96	103	108	125	130	153	167	193	197	208	239	249	434	441	532	575	666	695	740	814	863	872	884	893	926	936	967	1006	1008	1018	1030	1043	1059	1101	1146	1149	1162	1189	1197	1233	1236	1248	1277	1288	1295	1296	1297	1356	1362	1366	1422	1423	1467	1470	1471	1472	1497	1559	1608	1653	1708	1715	1731	1732	1828	1853	1859	1875	1907	1911	1918	1919	1934	1947	1960	1983	2067	2069	2085	2141	2153	2190	2211	2259	2280	2440	2570	2571	2578	2592	2594	2603	2618	2684	2685	2700	2721	2724	2747	2798	2799	2823	2824	2825	2838	2853	2888	2895	2909	
149	150	197	363	429	688	689	695	740	814	861	872	893	1059	1101	1130	1165	1197	1199	1232	1233	1236	1281	1282	1288	1378	1497	1622	1653	1828	1921	2153	2370	2437	2438	2440	2489	2570	2571	2592	2594	2603	2618	2633	2654	2658	2672	2686	2692	2700	2747	2783	2784	2799	2822	2823	2824	2853	2913	
5	207	212	437	444	524	535	550	627	688	689	695	810	814	861	872	955	1059	1101	1165	1197	1232	1233	1236	1316	1323	1378	1564	1565	1733	1786	1828	1881	1914	1919	1921	1940	1950	1960	2028	2088	2127	2222	2370	2465	2537	2584	2585	2592	2594	2603	2618	2633	2686	2700	2701	2823	2824	2838	2839	2856	2864	2865	2872	2873	2895	2908	2909	2913	
50	117	119	122	123	129	233	266	274	308	363	429	688	689	695	754	814	835	872	884	893	970	1043	1058	1059	1063	1064	1065	1101	1130	1149	1165	1197	1199	1207	1233	1236	1241	1271	1272	1275	1283	1286	1288	1311	1424	1497	1557	1622	1653	1788	1828	1907	1919	1921	1981	2049	2050	2128	2348	2437	2474	2489	2570	2571	2592	2594	2603	2618	2654	2658	2692	2700	2723	2724	2747	2783	2784	2799	2823	2824	2829	2863	2879	2896	
517	627	688	689	695	810	814	872	955	1043	1059	1101	1165	1197	1213	1233	1236	1288	1317	1490	1497	1653	1713	1790	1828	1829	1907	1919	1921	2028	2090	2128	2222	2261	2465	2549	2584	2585	2592	2594	2603	2618	2700	2701	2798	2823	2824	2839	2858	2864	2865	2872	2873	2895	2908	2909	
6	51	91	103	125	131	132	136	153	161	170	183	195	208	239	248	342	364	429	438	445	524	536	551	575	600	601	679	695	715	731	814	861	863	872	893	935	961	1001	1006	1018	1023	1032	1034	1058	1059	1061	1062	1101	1111	1134	1136	1145	1156	1189	1197	1199	1207	1232	1236	1239	1248	1277	1286	1289	1295	1296	1297	1311	1312	1356	1357	1362	1366	1367	1378	1403	1407	1447	1467	1468	1470	1471	1472	1558	1608	1627	1653	1731	1732	1733	1734	1828	1834	1837	1883	1915	1942	1951	1957	1958	1960	1982	2091	2092	2099	2141	2213	2214	2217	2232	2239	2241	2259	2296	2297	2300	2307	2308	2330	2370	2417	2434	2488	2570	2571	2578	2579	2592	2594	2603	2618	2633	2654	2658	2678	2684	2685	2686	2692	2700	2701	2747	2766	2783	2784	2821	2823	2824	2825	2838	2851	2853	2862	2879	2880	2881	2895	2951	2952	
6	208	363	438	445	524	536	551	688	689	695	814	861	872	893	955	1059	1101	1130	1165	1197	1233	1236	1622	1731	1733	1828	1883	1915	1921	1942	1951	1960	2037	2489	2570	2571	2592	2594	2603	2618	2633	2672	2686	2700	2701	2747	2823	2824	2838	2864	2865	2913	
208	363	688	689	695	814	872	893	1059	1101	1130	1165	1197	1233	1236	1289	1622	1653	1731	1828	1921	2037	2489	2570	2571	2592	2594	2603	2618	2672	2700	2747	2823	2824	2913	
6	208	438	445	524	536	551	627	640	688	689	695	810	814	861	872	955	1059	1101	1104	1165	1197	1233	1236	1564	1565	1731	1732	1733	1770	1828	1883	1915	1919	1921	1942	1951	1960	2028	2037	2106	2107	2137	2222	2330	2338	2465	2584	2585	2592	2594	2603	2618	2633	2686	2700	2701	2795	2823	2824	2838	2839	2864	2865	2872	2873	2895	2908	2909	2913	2942	
4	70	89	91	101	103	125	133	153	193	207	239	282	283	436	443	517	524	534	549	556	567	575	597	598	652	695	814	863	872	893	926	962	967	1006	1017	1018	1027	1030	1043	1059	1101	1162	1189	1193	1197	1233	1236	1248	1277	1289	1295	1296	1297	1356	1422	1467	1470	1471	1472	1608	1653	1708	1732	1733	1828	1829	1853	1859	1879	1907	1913	1919	1938	1949	1960	2085	2141	2167	2190	2192	2211	2259	2280	2322	2345	2360	2570	2571	2578	2592	2594	2603	2618	2684	2685	2700	2721	2747	2798	2799	2823	2824	2825	2838	2853	2872	2882	2888	2909	
688	689	695	814	872	893	1059	1101	1165	1197	1232	1233	1236	1289	1378	1653	1725	1828	1921	2370	2570	2571	2592	2594	2603	2618	2700	2701	2747	2822	2823	2824	2913	
7	207	212	439	446	524	537	552	627	688	689	695	810	814	861	872	955	1059	1101	1104	1165	1197	1232	1233	1236	1378	1564	1565	1733	1786	1828	1885	1919	1921	1931	1945	1952	1960	2028	2088	2134	2222	2370	2465	2537	2584	2585	2592	2594	2603	2618	2633	2686	2700	2701	2797	2823	2824	2838	2839	2856	2864	2865	2872	2873	2895	2908	2909	2913	
207	212	575	627	695	810	814	872	955	1006	1043	1059	1101	1104	1197	1233	1236	1288	1490	1497	1653	1786	1828	1907	1919	2028	2088	2134	2222	2259	2465	2492	2537	2584	2585	2592	2594	2603	2618	2700	2701	2797	2823	2824	2839	2856	2864	2865	2872	2873	2895	2908	2909	
688	689	695	814	872	893	1059	1101	1165	1197	1232	1233	1236	1376	1725	1828	1918	1921	2067	2069	2155	2570	2571	2592	2594	2603	2618	2672	2700	2747	2823	2824	
207	212	627	688	689	695	810	814	872	955	1059	1101	1104	1165	1197	1232	1233	1236	1288	1376	1490	1497	1564	1565	1653	1786	1828	1919	1921	2028	2088	2134	2222	2465	2537	2584	2585	2592	2594	2603	2618	2700	2701	2797	2823	2824	2839	2856	2864	2865	2872	2873	2895	2908	2909	2913	
212	517	575	627	695	810	814	872	955	1006	1043	1059	1101	1104	1197	1233	1236	1288	1490	1497	1653	1713	1786	1828	1829	1907	1919	2028	2088	2106	2107	2134	2222	2259	2465	2537	2584	2585	2592	2594	2603	2618	2700	2701	2797	2823	2824	2839	2849	2856	2864	2865	2872	2873	2895	2908	2909	
6	212	438	445	524	536	551	627	688	689	695	810	814	861	872	955	1059	1101	1104	1165	1197	1232	1233	1236	1378	1564	1565	1733	1786	1828	1883	1915	1919	1921	1942	1951	1960	2028	2088	2106	2107	2134	2222	2370	2465	2537	2584	2585	2592	2594	2603	2618	2633	2686	2700	2701	2797	2823	2824	2838	2839	2849	2856	2864	2865	2872	2873	2895	2908	2909	2913	
6	191	192	438	445	482	524	536	551	579	580	695	729	746	810	814	824	861	863	872	1043	1058	1059	1063	1064	1065	1074	1101	1113	1134	1197	1233	1236	1277	1288	1345	1418	1490	1497	1653	1732	1733	1828	1883	1907	1909	1915	1919	1942	1951	1960	2020	2079	2106	2107	2152	2259	2300	2417	2424	2441	2442	2456	2457	2465	2492	2584	2585	2592	2594	2603	2618	2619	2633	2684	2685	2686	2700	2821	2823	2824	2825	2838	2839	2849	
6	363	438	445	524	536	551	688	689	695	814	861	872	893	961	1059	1101	1130	1165	1197	1232	1233	1236	1378	1622	1733	1739	1740	1828	1883	1915	1918	1921	1942	1951	1960	2067	2069	2370	2489	2570	2571	2592	2594	2602	2603	2618	2633	2672	2686	2700	2701	2747	2822	2823	2824	2838	2879	2880	2913	
188	191	192	197	208	222	358	373	430	431	688	689	695	739	740	814	824	863	872	881	893	1043	1059	1101	1113	1130	1149	1165	1189	1197	1199	1233	1236	1277	1289	1349	1393	1413	1422	1478	1622	1653	1731	1732	1739	1740	1762	1767	1768	1788	1792	1828	1829	1907	1909	1919	1921	2037	2056	2079	2101	2102	2153	2308	2314	2315	2325	2326	2333	2334	2417	2424	2440	2483	2489	2570	2571	2592	2594	2602	2603	2618	2619	2654	2659	2672	2678	2684	2685	2692	2700	2712	2716	2747	2803	2823	2824	2825	2838	
6	148	197	208	212	438	445	524	536	551	627	688	689	695	740	810	814	861	872	955	1043	1059	1101	1165	1197	1232	1233	1236	1316	1323	1376	1731	1733	1739	1740	1786	1828	1883	1907	1915	1918	1919	1921	1942	1951	1960	2028	2067	2069	2088	2127	2153	2222	2440	2465	2537	2584	2585	2592	2594	2602	2603	2618	2633	2672	2686	2700	2701	2823	2824	2838	2839	2856	2864	2865	2872	2873	2895	2908	2909	
208	212	517	627	688	689	695	810	814	872	955	1043	1059	1101	1165	1197	1233	1236	1289	1316	1323	1490	1653	1713	1731	1786	1828	1829	1907	1919	1921	2028	2088	2127	2222	2465	2537	2584	2585	2592	2594	2603	2618	2700	2701	2823	2824	2839	2856	2864	2865	2872	2873	2895	2908	2909	
49	72	74	93	105	119	128	153	207	233	239	246	274	363	437	444	515	524	550	575	656	660	688	689	695	754	814	824	861	870	872	877	893	970	1006	1059	1101	1103	1113	1130	1143	1165	1189	1197	1199	1207	1232	1233	1236	1239	1269	1288	1295	1296	1297	1312	1378	1424	1497	1556	1608	1622	1653	1732	1733	1828	1909	1913	1914	1921	1938	1940	1949	1950	1960	1980	2079	2141	2155	2190	2232	2239	2370	2424	2474	2477	2570	2571	2592	2594	2603	2618	2619	2633	2654	2658	2678	2686	2692	2700	2701	2703	2704	2723	2747	2783	2784	2823	2824	2825	2838	2896	2897	
207	627	688	689	695	810	814	872	955	1043	1059	1101	1165	1197	1213	1233	1236	1288	1336	1490	1497	1653	1790	1828	1907	1919	1921	2028	2056	2090	2128	2222	2261	2465	2492	2549	2584	2585	2592	2594	2603	2618	2700	2701	2823	2824	2838	2864	2865	2872	2873	2895	2908	2909	
363	627	688	689	695	810	814	870	872	955	967	1043	1059	1101	1103	1115	1165	1197	1213	1232	1236	1317	1376	1715	1790	1828	1907	1909	1919	1921	2020	2028	2090	2099	2128	2190	2222	2259	2261	2417	2465	2489	2549	2584	2585	2592	2594	2603	2618	2672	2700	2701	2703	2704	2823	2824	2839	2858	2864	2865	2872	2873	2888	2895	2908	2909	
363	688	689	695	814	872	893	1059	1101	1130	1165	1197	1232	1236	1376	1622	1828	1921	2099	2489	2570	2571	2592	2594	2603	2618	2672	2700	2747	2823	2824	
517	575	627	695	810	814	870	872	955	967	1006	1059	1101	1103	1115	1197	1213	1232	1236	1317	1378	1715	1790	1828	1829	1909	2020	2028	2090	2099	2128	2190	2192	2222	2259	2261	2370	2417	2465	2549	2584	2585	2592	2594	2603	2618	2628	2700	2701	2703	2704	2766	2823	2824	2839	2858	2864	2865	2872	2873	2888	2895	2908	2909	
363	688	689	695	814	872	893	1059	1101	1130	1165	1197	1232	1236	1378	1622	1828	1921	2099	2370	2489	2570	2571	2592	2594	2603	2618	2672	2700	2747	2822	2823	2824	
517	575	627	695	810	814	870	872	955	967	1006	1059	1101	1103	1114	1197	1213	1232	1236	1317	1376	1714	1790	1828	1829	1909	1919	2020	2028	2090	2099	2128	2190	2192	2222	2259	2261	2417	2465	2549	2584	2585	2592	2594	2603	2618	2628	2700	2701	2703	2704	2766	2823	2824	2839	2858	2864	2865	2872	2873	2888	2895	2908	2909	
688	689	695	814	872	893	1059	1101	1165	1197	1232	1236	1376	1402	1828	1921	2099	2570	2571	2592	2594	2603	2618	2700	2715	2747	2823	2824	2918	
207	517	575	627	695	810	814	870	872	955	967	1006	1059	1101	1103	1104	1114	1197	1213	1232	1236	1317	1378	1714	1790	1828	1829	1909	2020	2028	2090	2099	2135	2190	2192	2222	2259	2370	2417	2446	2465	2549	2584	2585	2592	2594	2603	2618	2628	2700	2701	2703	2704	2766	2794	2823	2824	2839	2858	2864	2865	2872	2873	2888	2895	2908	2909	
688	689	695	814	872	893	1059	1101	1165	1197	1232	1236	1378	1725	1828	1921	2099	2370	2570	2571	2592	2594	2603	2618	2700	2747	2822	2823	2824	
358	517	575	695	810	814	870	872	955	961	1006	1059	1101	1103	1114	1197	1199	1232	1236	1288	1376	1404	1490	1497	1653	1714	1739	1740	1828	1829	1909	1919	2020	2099	2192	2222	2231	2235	2259	2417	2465	2483	2489	2584	2585	2592	2594	2602	2603	2618	2654	2658	2672	2700	2701	2703	2704	2716	2783	2784	2823	2824	2864	2865	2879	2880	
48	72	127	148	183	193	212	245	515	589	627	656	695	810	814	863	872	893	926	984	1020	1029	1043	1058	1059	1085	1088	1089	1090	1091	1092	1101	1142	1162	1197	1232	1236	1248	1269	1289	1316	1323	1349	1378	1413	1422	1555	1622	1653	1708	1760	1763	1786	1828	1853	1859	1907	1979	2028	2079	2085	2099	2106	2107	2127	2259	2370	2465	2537	2570	2571	2584	2585	2592	2594	2603	2618	2684	2685	2700	2721	2747	2798	2799	2823	2824	2825	2838	2839	2849	2872	2873	2909	
575	695	814	872	893	1006	1059	1101	1197	1232	1236	1289	1378	1653	1828	2099	2259	2370	2570	2571	2592	2594	2603	2618	2700	2747	2823	2824	
517	575	627	695	810	814	872	893	955	1006	1059	1101	1115	1197	1213	1232	1236	1317	1378	1715	1790	1828	1829	2028	2090	2099	2128	2192	2222	2259	2261	2370	2465	2549	2570	2571	2584	2585	2592	2594	2603	2618	2700	2701	2747	2823	2824	2839	2858	2864	2865	2872	2873	2895	2908	2909	
18	19	72	136	153	161	170	183	232	237	239	266	294	296	429	435	442	516	541	656	674	675	676	677	678	679	695	729	805	810	814	872	893	967	984	1020	1029	1043	1058	1059	1061	1062	1074	1101	1103	1114	1134	1136	1189	1197	1207	1232	1236	1239	1269	1289	1295	1296	1297	1362	1376	1412	1506	1608	1653	1713	1714	1732	1734	1739	1740	1828	1829	1907	1909	1919	1960	1986	2020	2027	2079	2087	2099	2138	2141	2190	2213	2214	2217	2222	2259	2296	2297	2300	2307	2308	2330	2417	2424	2441	2442	2461	2465	2570	2571	2584	2585	2592	2594	2602	2603	2618	2628	2672	2687	2692	2700	2701	2766	2821	2823	2824	2825	2838	2857	2888	
207	212	517	575	627	695	810	814	872	893	955	1006	1059	1101	1197	1232	1236	1316	1323	1376	1713	1786	1828	1829	1919	2028	2088	2099	2127	2222	2259	2465	2537	2570	2571	2584	2585	2592	2594	2603	2618	2700	2701	2747	2823	2824	2839	2856	2864	2865	2872	2873	2895	2908	2909	
148	207	212	358	517	627	695	729	814	870	872	881	955	1043	1059	1101	1103	1197	1232	1236	1316	1323	1376	1393	1713	1739	1740	1786	1828	1829	1907	1909	1919	2020	2028	2079	2088	2099	2127	2222	2259	2424	2441	2442	2483	2489	2537	2592	2594	2602	2603	2618	2672	2700	2701	2703	2704	2712	2716	2823	2824	2839	2856	2864	2865	2872	2873	2895	2908	2909	
575	695	814	872	893	1006	1059	1101	1197	1232	1236	1288	1376	1497	1653	1828	1919	2099	2259	2570	2571	2592	2594	2603	2618	2700	2747	2823	2824	
207	212	515	627	695	810	814	872	955	1043	1059	1101	1197	1232	1236	1277	1283	1316	1323	1376	1630	1631	1786	1828	1829	1907	1919	2028	2088	2099	2127	2222	2259	2465	2537	2584	2585	2592	2594	2603	2618	2700	2701	2823	2824	2839	2856	2864	2865	2872	2873	2895	2908	2909	
575	695	814	872	893	1006	1059	1101	1197	1232	1236	1289	1376	1653	1828	1919	2099	2259	2570	2571	2592	2594	2603	2618	2700	2747	2823	2824	
3	136	161	168	170	435	442	516	524	533	548	573	575	679	695	814	861	872	955	967	998	1006	1049	1059	1101	1113	1115	1134	1136	1197	1207	1232	1236	1239	1241	1378	1715	1732	1733	1734	1739	1740	1828	1829	1877	1909	1912	1936	1948	1960	2020	2099	2190	2192	2213	2214	2217	2222	2259	2296	2297	2300	2307	2308	2330	2370	2592	2594	2602	2603	2618	2628	2633	2672	2686	2700	2701	2740	2766	2821	2822	2823	2824	2825	2838	2864	2865	2888	2945	2946	2947	
148	517	575	627	640	695	729	814	870	872	955	967	1006	1059	1101	1103	1115	1197	1232	1236	1289	1378	1490	1653	1715	1770	1828	1829	1909	2020	2028	2079	2106	2107	2132	2190	2192	2222	2259	2261	2330	2338	2370	2424	2441	2442	2592	2594	2603	2618	2628	2700	2701	2703	2704	2766	2823	2824	2838	2839	2864	2865	2872	2873	2888	2895	2908	2909	2942	
148	517	627	640	695	729	814	870	872	961	967	1043	1059	1101	1103	1115	1197	1232	1236	1378	1715	1739	1740	1770	1828	1829	1907	1909	1918	2020	2028	2067	2069	2079	2099	2106	2107	2132	2190	2192	2222	2259	2261	2330	2338	2370	2424	2441	2442	2592	2594	2602	2603	2618	2628	2672	2700	2701	2703	2704	2766	2823	2824	2838	2839	2872	2873	2879	2880	2888	2895	2908	2909	2942	
148	517	627	640	695	729	814	870	872	955	967	1059	1101	1103	1115	1197	1232	1236	1378	1715	1770	1828	1829	1909	2020	2028	2079	2099	2106	2107	2132	2190	2192	2222	2261	2330	2338	2370	2424	2441	2442	2592	2594	2603	2618	2628	2700	2701	2703	2704	2766	2823	2824	2838	2839	2864	2865	2872	2873	2888	2895	2908	2909	2942	
168	307	358	420	516	573	575	695	814	863	872	873	881	955	961	998	1006	1059	1101	1197	1199	1232	1236	1347	1378	1393	1713	1739	1740	1828	1829	1918	2020	2067	2069	2079	2099	2222	2259	2370	2424	2483	2489	2592	2594	2602	2603	2618	2654	2658	2672	2684	2685	2700	2701	2702	2712	2716	2740	2783	2784	2823	2824	2864	2865	2878	2879	2880	2945	2946	2947	
168	197	277	517	573	575	695	729	740	814	870	872	967	998	1006	1043	1059	1101	1103	1114	1197	1232	1236	1378	1713	1714	1739	1740	1828	1829	1907	1909	1918	2020	2067	2069	2079	2153	2190	2259	2370	2417	2424	2440	2441	2442	2592	2594	2602	2603	2618	2628	2672	2700	2701	2703	2704	2740	2766	2823	2824	2888	2945	2946	2947	
3	168	358	435	442	517	524	533	548	573	575	695	814	861	872	881	955	998	1006	1059	1101	1197	1232	1236	1378	1393	1713	1733	1739	1740	1828	1829	1877	1912	1936	1948	1960	2020	2099	2222	2259	2370	2483	2489	2592	2594	2602	2603	2618	2633	2672	2686	2700	2701	2712	2716	2740	2823	2824	2838	2864	2865	2945	2946	2947	
148	208	212	358	517	575	627	695	729	814	870	872	881	955	1006	1059	1101	1103	1197	1232	1236	1378	1393	1713	1731	1739	1740	1786	1828	1829	1909	2020	2028	2079	2088	2099	2126	2222	2259	2261	2370	2424	2441	2442	2483	2489	2537	2592	2594	2602	2603	2618	2672	2700	2701	2703	2704	2712	2716	2823	2824	2839	2856	2864	2865	2872	2873	2895	2908	2909	
168	515	573	695	814	872	955	967	998	1043	1059	1101	1114	1197	1232	1236	1289	1378	1490	1653	1714	1739	1740	1828	1829	1907	2020	2099	2190	2222	2259	2370	2592	2594	2602	2603	2618	2628	2672	2700	2701	2740	2766	2823	2824	2864	2865	2888	2945	2946	2947	
148	197	517	575	627	633	634	635	695	729	740	814	824	870	872	967	1006	1043	1059	1101	1103	1113	1114	1197	1213	1232	1236	1289	1317	1378	1490	1653	1714	1790	1828	1907	1909	2020	2028	2079	2090	2128	2153	2190	2192	2222	2259	2261	2370	2424	2440	2441	2442	2549	2592	2594	2603	2618	2628	2700	2703	2704	2750	2766	2823	2824	2839	2858	2872	2873	2888	
148	517	627	695	729	814	872	955	1059	1101	1114	1197	1213	1232	1236	1317	1378	1564	1565	1714	1790	1828	1829	2028	2079	2090	2099	2128	2192	2222	2261	2370	2424	2441	2442	2549	2592	2594	2603	2618	2700	2701	2823	2824	2839	2858	2864	2865	2872	2873	2895	2908	2909	
2	168	358	434	441	517	524	532	547	573	575	695	814	861	872	881	955	998	1006	1059	1101	1114	1197	1232	1236	1378	1393	1714	1733	1739	1740	1828	1829	1875	1911	1934	1947	1960	2012	2020	2099	2192	2222	2259	2358	2370	2462	2483	2489	2592	2594	2602	2603	2618	2633	2672	2686	2700	2701	2712	2716	2740	2823	2824	2864	2865	2946	2947	
148	207	517	627	640	695	729	814	870	872	955	967	1059	1101	1103	1115	1197	1232	1236	1316	1323	1378	1713	1715	1770	1828	1829	1909	2020	2028	2079	2099	2133	2190	2222	2330	2348	2370	2424	2441	2442	2446	2592	2594	2603	2618	2628	2700	2701	2703	2704	2766	2823	2824	2839	2863	2864	2865	2872	2873	2888	2895	2908	2909	2942	
148	515	627	695	729	814	872	955	1059	1101	1104	1197	1213	1232	1236	1277	1283	1317	1378	1714	1731	1790	1828	1829	2028	2079	2090	2099	2135	2222	2370	2424	2441	2442	2549	2592	2594	2603	2618	2700	2701	2794	2823	2824	2839	2858	2864	2865	2872	2873	2895	2908	2909	
148	517	627	695	729	814	870	872	955	967	1059	1101	1103	1104	1114	1197	1213	1232	1236	1317	1378	1714	1731	1790	1828	1829	1909	2020	2028	2079	2090	2099	2135	2190	2192	2222	2370	2424	2441	2442	2549	2592	2594	2603	2618	2628	2700	2701	2703	2704	2766	2794	2823	2824	2839	2858	2864	2865	2872	2873	2888	2895	2908	2909	
148	207	212	516	627	695	729	814	870	872	955	967	1059	1101	1103	1115	1197	1232	1236	1316	1323	1378	1715	1786	1828	1829	1909	2020	2028	2079	2088	2099	2127	2190	2192	2222	2370	2424	2441	2442	2537	2592	2594	2603	2618	2628	2700	2701	2703	2704	2766	2823	2824	2839	2856	2864	2865	2872	2873	2888	2895	2908	2909	
148	394	515	627	640	695	729	814	872	955	1059	1101	1104	1197	1232	1236	1378	1491	1714	1731	1732	1770	1828	1829	2028	2079	2099	2103	2137	2182	2222	2330	2348	2370	2424	2441	2442	2592	2594	2603	2618	2700	2701	2747	2795	2823	2824	2839	2863	2864	2865	2872	2873	2895	2908	2909	2942	
148	515	627	640	695	729	814	870	872	955	967	1059	1101	1103	1104	1114	1197	1232	1236	1378	1714	1731	1732	1770	1828	1829	1909	2020	2028	2079	2099	2137	2190	2222	2330	2348	2370	2424	2441	2442	2592	2594	2603	2618	2628	2700	2701	2703	2704	2766	2795	2823	2824	2839	2863	2864	2865	2872	2873	2888	2895	2908	2909	2942	
148	207	212	394	627	695	729	814	872	955	1059	1101	1197	1232	1236	1316	1323	1378	1713	1786	1828	1829	2028	2079	2088	2099	2103	2127	2182	2222	2370	2424	2441	2442	2537	2592	2594	2603	2618	2700	2701	2823	2824	2839	2856	2864	2865	2872	2873	2895	2908	2909	
148	207	212	515	627	695	729	814	870	872	955	967	1059	1101	1103	1115	1197	1232	1236	1316	1323	1378	1714	1715	1786	1828	1829	1909	2020	2028	2079	2088	2099	2127	2190	2222	2370	2424	2441	2442	2537	2592	2594	2603	2618	2628	2700	2701	2703	2704	2766	2823	2824	2839	2856	2864	2865	2872	2873	2888	2895	2908	2909	
148	208	212	394	627	695	729	814	872	955	1059	1101	1104	1197	1232	1236	1378	1713	1731	1786	1828	1829	2028	2079	2088	2099	2103	2134	2182	2222	2370	2424	2441	2442	2537	2592	2594	2603	2618	2700	2701	2797	2823	2824	2839	2856	2864	2865	2872	2873	2895	2908	2909	
148	208	212	515	627	695	729	814	870	872	955	967	1059	1101	1103	1104	1114	1197	1232	1236	1378	1714	1731	1786	1828	1829	1909	2020	2028	2079	2088	2099	2134	2190	2222	2370	2424	2441	2442	2537	2592	2594	2603	2618	2628	2700	2701	2703	2704	2766	2797	2823	2824	2839	2856	2864	2865	2872	2873	2888	2895	2908	2909	
148	394	627	640	695	729	814	872	955	1059	1101	1197	1232	1236	1316	1323	1378	1713	1731	1770	1828	1829	2028	2079	2099	2103	2133	2182	2222	2330	2348	2370	2424	2441	2442	2592	2594	2603	2618	2700	2701	2823	2824	2839	2863	2864	2865	2872	2873	2895	2908	2909	2942	
148	515	627	640	695	729	814	870	872	955	967	1059	1101	1103	1115	1197	1232	1236	1316	1323	1378	1714	1715	1731	1770	1828	1829	1909	2020	2028	2079	2099	2133	2190	2222	2330	2348	2370	2424	2441	2442	2592	2594	2603	2618	2628	2700	2701	2703	2704	2766	2823	2824	2839	2863	2864	2865	2872	2873	2888	2895	2908	2909	2942	
148	207	212	394	627	695	729	814	872	955	1059	1101	1115	1197	1232	1236	1316	1323	1378	1715	1786	1828	1829	2028	2079	2088	2099	2103	2127	2182	2192	2222	2370	2424	2441	2442	2537	2592	2594	2603	2618	2700	2701	2823	2824	2839	2856	2864	2865	2872	2873	2895	2908	2909	
148	207	212	394	627	695	729	814	872	955	1059	1101	1104	1115	1197	1232	1236	1378	1715	1786	1828	1829	2028	2079	2088	2099	2103	2134	2182	2192	2222	2370	2424	2441	2442	2537	2592	2594	2603	2618	2700	2701	2797	2823	2824	2839	2856	2864	2865	2872	2873	2895	2908	2909	
148	207	212	515	627	695	729	814	870	872	955	967	1059	1101	1103	1104	1115	1197	1232	1236	1378	1714	1715	1786	1828	1829	1909	2020	2028	2079	2088	2099	2134	2190	2222	2370	2424	2441	2442	2537	2592	2594	2603	2618	2628	2700	2701	2703	2704	2766	2797	2823	2824	2839	2856	2864	2865	2872	2873	2888	2895	2908	2909	
148	212	394	627	695	729	814	872	955	1059	1101	1115	1197	1232	1236	1316	1323	1378	1715	1786	1828	1829	2028	2079	2088	2099	2103	2106	2107	2127	2182	2192	2222	2370	2424	2441	2442	2537	2592	2594	2603	2618	2700	2701	2823	2824	2839	2849	2856	2864	2865	2872	2873	2895	2908	2909	
148	208	212	515	627	695	729	814	870	872	955	967	1059	1101	1103	1115	1197	1232	1236	1316	1323	1378	1714	1715	1731	1786	1828	1829	1909	2020	2028	2079	2088	2099	2127	2190	2222	2370	2424	2441	2442	2537	2592	2594	2603	2618	2628	2700	2701	2703	2704	2766	2823	2824	2839	2856	2864	2865	2872	2873	2888	2895	2908	2909	
148	207	394	627	640	695	729	814	872	955	1059	1101	1197	1232	1236	1316	1323	1378	1713	1770	1828	1829	2028	2079	2099	2103	2133	2182	2222	2330	2348	2370	2424	2441	2442	2446	2592	2594	2603	2618	2700	2701	2823	2824	2839	2863	2864	2865	2872	2873	2895	2908	2909	2942	
148	207	515	627	640	695	729	814	870	872	955	967	1059	1101	1103	1114	1197	1232	1236	1316	1323	1378	1714	1770	1828	1829	1909	2020	2028	2079	2099	2133	2190	2222	2330	2348	2370	2424	2441	2442	2446	2592	2594	2603	2618	2628	2700	2701	2703	2704	2766	2823	2824	2839	2863	2864	2865	2872	2873	2888	2895	2908	2909	2942	
148	212	394	627	695	729	814	872	955	1059	1101	1104	1197	1232	1236	1378	1713	1786	1828	1829	2028	2079	2088	2099	2103	2106	2107	2134	2182	2222	2370	2424	2441	2442	2537	2592	2594	2603	2618	2700	2701	2797	2823	2824	2839	2849	2856	2864	2865	2872	2873	2895	2908	2909	
148	207	212	515	627	695	729	814	870	872	955	967	1059	1101	1103	1104	1114	1197	1232	1236	1378	1714	1786	1828	1829	1909	2020	2028	2079	2088	2099	2134	2190	2222	2370	2424	2441	2442	2537	2592	2594	2603	2618	2628	2700	2701	2703	2704	2766	2797	2823	2824	2839	2856	2864	2865	2872	2873	2888	2895	2908	2909	
148	207	212	394	627	695	729	814	872	955	1059	1101	1104	1197	1232	1236	1378	1713	1786	1828	1829	2028	2079	2088	2099	2103	2134	2182	2222	2370	2424	2441	2442	2537	2592	2594	2603	2618	2700	2701	2797	2823	2824	2839	2856	2864	2865	2872	2873	2895	2908	2909	
148	212	515	627	695	729	814	870	872	955	967	1059	1101	1103	1115	1197	1232	1236	1316	1323	1378	1714	1715	1786	1828	1829	1909	2020	2028	2079	2088	2099	2106	2107	2127	2190	2222	2370	2424	2441	2442	2537	2592	2594	2603	2618	2628	2700	2701	2703	2704	2766	2823	2824	2839	2849	2856	2864	2865	2872	2873	2888	2895	2908	2909	
148	208	212	394	627	695	729	814	872	955	1059	1101	1197	1232	1236	1316	1323	1378	1713	1731	1786	1828	1829	2028	2079	2088	2099	2103	2127	2182	2222	2370	2424	2441	2442	2537	2592	2594	2603	2618	2700	2701	2823	2824	2839	2856	2864	2865	2872	2873	2895	2908	2909	
148	208	212	515	627	695	729	814	870	872	955	967	1059	1101	1103	1114	1197	1232	1236	1316	1323	1378	1714	1731	1786	1828	1829	1909	2020	2028	2079	2088	2099	2127	2190	2222	2370	2424	2441	2442	2537	2592	2594	2603	2618	2628	2700	2701	2703	2704	2766	2823	2824	2839	2856	2864	2865	2872	2873	2888	2895	2908	2909	
148	212	394	627	695	729	814	872	955	1059	1101	1197	1232	1236	1316	1323	1378	1713	1786	1828	1829	2028	2079	2088	2099	2103	2106	2107	2127	2182	2222	2370	2424	2441	2442	2537	2592	2594	2603	2618	2700	2701	2823	2824	2839	2849	2856	2864	2865	2872	2873	2895	2908	2909	
148	394	627	640	695	729	814	872	955	1059	1101	1115	1197	1232	1236	1316	1323	1378	1715	1770	1828	1829	2028	2079	2099	2103	2106	2107	2133	2182	2192	2222	2330	2348	2370	2424	2441	2442	2446	2592	2594	2603	2618	2700	2701	2823	2824	2839	2849	2863	2864	2865	2872	2873	2895	2908	2909	2942	
148	207	515	627	640	695	729	814	870	872	955	967	1059	1101	1103	1115	1197	1232	1236	1316	1323	1378	1714	1715	1770	1828	1829	1909	2020	2028	2079	2099	2133	2190	2222	2330	2348	2370	2424	2441	2442	2446	2592	2594	2603	2618	2628	2700	2701	2703	2704	2766	2823	2824	2839	2863	2864	2865	2872	2873	2888	2895	2908	2909	2942	
148	212	515	627	695	729	814	870	872	955	967	1059	1101	1103	1104	1114	1197	1232	1236	1378	1714	1786	1828	1829	1909	2020	2028	2079	2088	2099	2106	2107	2134	2190	2222	2370	2424	2441	2442	2537	2592	2594	2603	2618	2628	2700	2701	2703	2704	2766	2797	2823	2824	2839	2849	2856	2864	2865	2872	2873	2888	2895	2908	2909	
148	212	394	627	695	729	814	872	955	1059	1101	1197	1232	1236	1316	1323	1378	1714	1786	1828	1829	2028	2079	2088	2099	2104	2106	2107	2127	2182	2222	2370	2424	2441	2442	2537	2592	2594	2603	2618	2700	2701	2823	2824	2839	2849	2856	2864	2865	2872	2873	2895	2908	2909	
148	212	515	627	695	729	814	872	955	967	1059	1101	1103	1104	1115	1197	1232	1236	1378	1412	1714	1715	1786	1828	1829	1909	2020	2028	2079	2088	2099	2106	2107	2134	2190	2222	2370	2424	2441	2442	2537	2592	2594	2603	2618	2628	2700	2701	2766	2797	2823	2824	2839	2849	2856	2864	2865	2872	2873	2888	2895	2908	2909	
148	212	515	575	627	695	729	814	872	955	1006	1059	1101	1104	1197	1232	1236	1289	1378	1490	1624	1653	1714	1786	1828	1829	2028	2079	2088	2099	2106	2107	2134	2222	2370	2424	2441	2442	2537	2592	2594	2603	2618	2700	2701	2766	2797	2823	2824	2839	2849	2856	2864	2865	2872	2873	2895	2908	2909	
148	212	515	627	695	729	814	872	955	1059	1101	1104	1197	1232	1236	1378	1624	1714	1786	1828	1829	2028	2079	2088	2099	2106	2107	2134	2222	2370	2424	2441	2442	2537	2592	2594	2603	2618	2700	2701	2766	2797	2823	2824	2839	2849	2856	2864	2865	2872	2873	2895	2908	2909	
148	212	515	627	695	729	814	872	955	967	1059	1101	1103	1115	1197	1232	1236	1316	1323	1378	1412	1714	1715	1786	1828	1829	1909	2020	2028	2079	2088	2099	2106	2107	2127	2190	2222	2370	2424	2441	2442	2537	2592	2594	2603	2618	2628	2700	2701	2766	2823	2824	2839	2849	2856	2864	2865	2872	2873	2888	2895	2908	2909	
148	212	515	627	695	729	814	872	955	1059	1101	1197	1232	1236	1277	1283	1316	1323	1378	1714	1786	1828	1829	2028	2079	2088	2099	2106	2107	2127	2222	2370	2424	2441	2442	2537	2592	2594	2603	2618	2700	2701	2823	2824	2839	2849	2856	2864	2865	2872	2873	2895	2908	2909	
148	212	394	627	695	729	814	872	955	1059	1101	1104	1197	1232	1236	1378	1714	1786	1828	1829	2028	2079	2088	2099	2104	2106	2107	2134	2182	2222	2370	2424	2441	2442	2537	2592	2594	2603	2618	2700	2701	2797	2823	2824	2839	2849	2856	2864	2865	2872	2873	2895	2908	2909	
148	212	515	627	695	729	814	872	955	1059	1101	1104	1197	1232	1236	1277	1283	1378	1714	1786	1828	1829	2028	2079	2088	2099	2106	2107	2134	2222	2370	2424	2441	2442	2537	2592	2594	2603	2618	2700	2701	2797	2823	2824	2839	2849	2856	2864	2865	2872	2873	2895	2908	2909	
148	212	515	627	695	729	814	872	955	1059	1101	1197	1232	1236	1316	1323	1378	1712	1714	1786	1828	1829	2028	2079	2088	2099	2106	2107	2127	2222	2370	2424	2441	2442	2537	2592	2594	2603	2618	2700	2701	2823	2824	2839	2849	2856	2864	2865	2872	2873	2895	2908	2909	
148	212	264	265	394	515	627	695	729	814	872	955	1059	1101	1104	1197	1232	1236	1378	1714	1786	1828	1829	2028	2079	2088	2094	2099	2106	2107	2134	2222	2370	2424	2441	2442	2462	2537	2592	2594	2603	2618	2672	2700	2701	2797	2823	2824	2839	2849	2856	2864	2865	2872	2873	2895	2908	2909	
148	212	515	627	695	729	814	872	955	1059	1101	1104	1197	1232	1236	1378	1712	1714	1786	1828	1829	2028	2079	2088	2099	2106	2107	2134	2222	2370	2424	2441	2442	2537	2592	2594	2603	2618	2700	2701	2797	2823	2824	2839	2849	2856	2864	2865	2872	2873	2895	2908	2909	
148	212	264	265	394	515	627	695	729	814	872	955	1059	1101	1197	1232	1236	1316	1323	1378	1714	1786	1828	1829	2028	2079	2088	2094	2099	2106	2107	2127	2222	2370	2424	2441	2442	2462	2537	2592	2594	2603	2618	2672	2700	2701	2823	2824	2839	2849	2856	2864	2865	2872	2873	2895	2908	2909	
148	212	329	330	515	627	695	729	814	872	955	1059	1101	1104	1197	1232	1236	1378	1714	1786	1828	1829	2028	2079	2088	2099	2106	2107	2134	2222	2370	2424	2441	2442	2537	2592	2594	2603	2618	2700	2701	2797	2823	2824	2839	2849	2856	2864	2865	2872	2873	2895	2908	2909	
148	212	515	627	695	729	814	872	955	1059	1101	1197	1232	1236	1316	1323	1378	1564	1565	1714	1786	1828	1829	2028	2079	2088	2099	2106	2107	2127	2222	2370	2424	2441	2442	2537	2592	2594	2603	2618	2700	2701	2823	2824	2839	2849	2856	2864	2865	2872	2873	2895	2908	2909	
148	212	267	394	515	627	695	729	814	872	955	1059	1101	1104	1197	1232	1236	1378	1714	1786	1828	1829	2028	2079	2088	2094	2099	2106	2107	2134	2222	2370	2424	2441	2442	2462	2537	2592	2594	2603	2618	2672	2700	2701	2797	2823	2824	2839	2849	2856	2864	2865	2872	2873	2895	2908	2909	
148	212	329	330	515	627	695	729	814	872	955	1059	1101	1197	1232	1236	1316	1323	1378	1714	1786	1828	1829	2028	2079	2088	2099	2106	2107	2127	2222	2370	2424	2441	2442	2537	2592	2594	2603	2618	2700	2701	2823	2824	2839	2849	2856	2864	2865	2872	2873	2895	2908	2909	
148	212	515	627	695	729	814	872	955	1059	1101	1197	1232	1236	1316	1323	1378	1487	1489	1714	1786	1828	1829	2028	2079	2088	2099	2106	2107	2127	2222	2370	2424	2441	2442	2537	2592	2594	2603	2618	2700	2701	2823	2824	2839	2849	2856	2864	2865	2872	2873	2895	2908	2909	
148	212	515	627	695	729	814	872	955	1059	1101	1104	1197	1232	1236	1378	1564	1565	1714	1786	1828	1829	2028	2079	2088	2099	2106	2107	2134	2222	2370	2424	2441	2442	2537	2592	2594	2603	2618	2700	2701	2797	2823	2824	2839	2849	2856	2864	2865	2872	2873	2895	2908	2909	
148	212	515	627	695	729	814	872	955	1059	1101	1104	1197	1232	1236	1378	1487	1489	1714	1786	1828	1829	2028	2079	2088	2099	2106	2107	2134	2222	2370	2424	2441	2442	2537	2592	2594	2603	2618	2700	2701	2797	2823	2824	2839	2849	2856	2864	2865	2872	2873	2895	2908	2909	
148	212	515	627	695	729	814	872	955	1059	1101	1104	1151	1197	1232	1236	1378	1714	1786	1828	1829	2028	2079	2088	2099	2106	2107	2134	2222	2370	2424	2441	2442	2537	2592	2594	2603	2618	2633	2700	2701	2797	2823	2824	2839	2849	2856	2864	2865	2872	2873	2895	2908	2909	
148	212	515	627	695	729	814	872	955	1059	1101	1104	1197	1232	1236	1278	1283	1378	1714	1786	1828	1829	2028	2079	2088	2099	2106	2107	2134	2222	2370	2424	2441	2442	2537	2592	2594	2603	2618	2700	2701	2797	2823	2824	2839	2849	2856	2864	2865	2872	2873	2895	2908	2909	
148	208	212	394	627	695	729	814	872	955	1059	1101	1115	1197	1232	1236	1316	1323	1378	1715	1731	1786	1828	1829	2028	2079	2088	2099	2103	2127	2182	2192	2222	2370	2424	2441	2442	2537	2592	2594	2603	2618	2700	2701	2823	2824	2839	2856	2864	2865	2872	2873	2895	2908	2909	
148	208	212	515	627	695	729	814	872	955	1059	1101	1197	1232	1236	1316	1323	1378	1564	1565	1714	1731	1786	1828	1829	2028	2079	2088	2099	2127	2222	2370	2424	2441	2442	2537	2592	2594	2603	2618	2700	2701	2823	2824	2839	2856	2864	2865	2872	2873	2895	2908	2909	
148	208	212	515	627	695	729	814	872	955	1059	1101	1197	1232	1236	1277	1283	1316	1323	1378	1714	1731	1786	1828	1829	2028	2079	2088	2099	2127	2222	2370	2424	2441	2442	2537	2592	2594	2603	2618	2700	2701	2823	2824	2839	2856	2864	2865	2872	2873	2895	2908	2909	
148	208	212	515	627	695	729	814	872	955	1059	1101	1197	1232	1236	1316	1323	1378	1712	1714	1731	1786	1828	1829	2028	2079	2088	2099	2127	2222	2370	2424	2441	2442	2537	2592	2594	2603	2618	2700	2701	2823	2824	2839	2856	2864	2865	2872	2873	2895	2908	2909	
148	208	212	394	627	695	729	814	872	955	1059	1101	1197	1232	1236	1316	1323	1378	1714	1731	1786	1828	1829	2028	2079	2088	2099	2104	2127	2182	2222	2370	2424	2441	2442	2537	2592	2594	2603	2618	2700	2701	2823	2824	2839	2856	2864	2865	2872	2873	2895	2908	2909	
148	208	212	515	627	695	729	814	872	955	1059	1101	1197	1232	1236	1316	1323	1378	1624	1714	1731	1786	1828	1829	2028	2079	2088	2099	2127	2222	2370	2424	2441	2442	2537	2592	2594	2603	2618	2700	2701	2766	2823	2824	2839	2856	2864	2865	2872	2873	2895	2908	2909	
148	212	515	627	695	729	814	872	955	1059	1101	1104	1197	1232	1236	1378	1630	1631	1714	1786	1828	1829	2028	2079	2088	2099	2106	2107	2134	2222	2370	2424	2441	2442	2537	2592	2594	2603	2618	2700	2701	2797	2823	2824	2839	2849	2856	2864	2865	2872	2873	2895	2908	2909	
