"ENTREZ_ID","scramble","siRRM1","siRRM2"
"100",1,1,1
"10005",0,0,0
"10007",1,1,1
"10020",0,1,0
"10026",0,0,0
"10050",-1,-1,-1
"10057",0,0,0
"10087",0,0,0
"10090",-1,-1,-1
"10157",-1,-1,-1
"10164",-1,-1,-1
"10165",0,0,0
"10166",0,0,0
"10195",1,1,1
"10201",0,0,0
"10229",0,0,0
"10246",-1,-1,-1
"10257",0,0,0
"10312",0,0,0
"10317",-1,-1,-1
"10327",0,0,0
"10331",0,0,0
"1036",-1,-1,-1
"10380",0,0,0
"10390",0,0,0
"10396",0,0,0
"1040",-1,-1,-1
"10400",0,0,0
"10402",1,1,1
"10423",1,1,1
"10476",0,0,0
"10554",0,0,0
"10555",0,0,0
"10558",1,0,0
"10559",0,1,0
"10560",0,0,0
"10568",-1,-1,-1
"10587",0,0,0
"10588",0,0,0
"10599",-1,-1,-1
"10606",1,1,1
"10610",-1,-1,-1
"10632",1,1,1
"10654",1,1,1
"10678",0,0,0
"10682",1,1,1
"10690",-1,-1,-1
"107",0,0,0
"10723",0,1,0
"10768",1,1,0
"10786",-1,-1,-1
"10797",1,1,1
"108",-1,-1,-1
"10840",0,0,0
"10841",0,0,0
"10846",-1,-1,-1
"10858",-1,-1,-1
"10861",0,-1,-1
"10870",0,0,0
"10873",0,0,0
"109",0,0,0
"10905",0,0,0
"10919",0,0,0
"10935",1,1,1
"10948",0,0,0
"10965",0,0,0
"10975",1,1,1
"10991",-1,0,-1
"10993",0,0,0
"10998",0,0,0
"10999",0,0,0
"11000",0,0,0
"11001",-1,-1,-1
"1103",0,0,0
"11041",0,0,0
"11046",-1,-1,-1
"1109",-1,-1,-1
"111",0,0,0
"11112",0,0,0
"11136",-1,-1,-1
"11164",0,0,0
"1118",-1,-1,-1
"11181",-1,-1,-1
"11182",0,0,0
"11185",0,0,0
"1119",0,0,0
"112",0,0,0
"1120",0,0,0
"11212",0,0,0
"11226",-1,-1,-1
"11227",0,0,0
"11238",0,0,0
"112483",0,0,0
"11253",0,0,0
"11254",-1,-1,-1
"112611",0,0,0
"112724",0,0,0
"11282",0,0,0
"11283",-1,-1,-1
"11285",0,0,0
"113",0,0,0
"113026",0,0,0
"11309",-1,-1,-1
"113189",0,0,0
"11320",-1,-1,-1
"113235",0,0,0
"11343",0,0,0
"113451",0,0,0
"113452",0,0,0
"114",-1,-1,-1
"114112",0,0,0
"114134",0,0,0
"114805",0,0,0
"115",0,0,0
"115019",0,0,0
"115111",0,0,0
"1152",0,0,0
"115286",0,0,0
"115584",0,0,0
"1158",-1,-1,-1
"1159",0,0,0
"1160",-1,-1,-1
"116255",0,0,0
"116285",-1,-1,-1
"116369",0,0,0
"117247",0,0,0
"117248",0,0,0
"117283",0,0,0
"1178",-1,-1,-1
"118881",0,0,0
"121278",0,0,0
"122481",0,0,0
"122622",0,0,0
"123041",0,0,0
"124",-1,-1,-1
"124583",0,0,0
"124637",0,0,0
"124935",0,0,0
"125",-1,-1,-1
"125206",0,0,0
"125965",0,0,0
"126",-1,-1,-1
"126129",0,0,0
"126328",0,0,0
"126792",0,0,0
"127",0,0,0
"127124",0,0,0
"128",1,1,1
"128869",0,0,0
"129807",0,0,0
"13",-1,-1,-1
"130",-1,-1,-1
"130013",0,0,0
"130752",0,0,0
"131",-1,-1,-1
"1312",0,0,0
"131669",0,0,0
"132",0,0,0
"1327",1,1,1
"132789",0,0,0
"1329",1,1,1
"1337",0,0,0
"1339",-1,-1,-1
"1340",1,1,1
"1345",1,1,1
"134526",0,0,0
"1346",-1,-1,-1
"1347",1,1,1
"1349",1,1,1
"1350",1,1,1
"1351",1,1,1
"135152",0,0,0
"1371",1,1,1
"1373",-1,-1,-1
"1374",0,0,0
"1375",0,0,0
"1376",0,0,0
"137872",0,0,0
"137964",0,0,0
"1384",0,0,0
"140679",0,0,0
"142680",0,0,0
"1431",0,0,0
"144195",0,0,0
"145226",0,0,0
"1468",0,0,0
"1491",0,0,0
"15",-1,-1,-1
"1503",1,1,1
"151531",0,0,0
"1537",1,1,1
"154091",0,0,0
"1543",-1,0,-1
"1544",0,0,0
"1545",-1,-1,-1
"1548",0,0,0
"1551",-1,-1,-1
"155184",0,0,0
"1553",-1,0,0
"1557",-1,-1,-1
"1558",-1,-1,-1
"1559",-1,-1,-1
"1562",-1,-1,-1
"1565",0,0,0
"1571",-1,-1,-1
"1572",0,0,0
"157506",0,0,0
"1576",0,0,0
"1577",-1,-1,-1
"1579",-1,-1,-1
"158",1,1,1
"1581",-1,-1,-1
"1582",0,0,0
"1583",-1,-1,-1
"1584",-1,-1,-1
"1585",0,0,0
"1586",0,0,0
"1588",-1,0,-1
"1589",0,0,0
"159",1,1,1
"1591",-1,-1,-1
"1593",0,0,0
"1594",0,0,0
"1595",1,1,1
"159963",-1,-1,-1
"160287",0,0,0
"1603",1,1,1
"1606",-1,-1,-1
"1607",-1,-1,-1
"160728",0,0,0
"1608",0,0,0
"160851",0,0,0
"1609",0,0,0
"1610",0,0,-1
"1621",0,0,0
"162417",0,0,0
"162466",0,0,0
"1629",0,0,0
"1632",1,1,1
"1633",1,1,1
"1635",0,0,0
"1638",-1,-1,-1
"1644",-1,-1,-1
"1645",-1,0,-1
"1650",1,1,1
"166012",0,0,0
"166785",0,0,0
"170712",0,0,0
"171425",0,0,0
"1716",0,0,0
"1717",0,0,0
"1718",0,0,0
"1719",0,0,0
"1723",0,0,0
"1737",1,1,1
"1738",1,1,1
"1743",1,1,1
"175",0,0,0
"1757",0,-1,-1
"178",0,0,0
"1786",1,1,1
"1787",0,0,0
"1788",0,0,0
"1789",0,0,0
"1798",1,1,1
"18",-1,-1,-1
"1806",0,0,0
"1807",-1,-1,-1
"1808",1,1,1
"1809",0,0,0
"1811",-1,-1,-1
"1836",1,1,1
"1841",0,0,0
"1854",1,1,1
"189",-1,-1,-1
"1890",0,1,0
"1891",1,1,1
"1892",1,1,1
"19",0,0,0
"191",1,1,1
"192134",0,0,0
"195814",0,0,0
"1962",-1,-1,-1
"196883",0,0,0
"197257",0,0,0
"197258",0,0,0
"200010",0,0,0
"200576",0,0,0
"2023",1,1,1
"2026",0,0,0
"2027",0,0,0
"203",0,0,0
"2030",0,0,0
"204",0,0,0
"205",0,0,0
"206358",0,0,0
"2098",1,1,1
"210",0,0,0
"2108",1,1,1
"2109",1,1,1
"211",1,1,1
"2110",0,0,0
"212",0,0,0
"2131",0,0,0
"2132",0,0,0
"2134",0,0,0
"2135",0,0,0
"2137",0,0,0
"216",-1,-1,-1
"217",0,0,0
"218",-1,-1,-1
"2180",0,0,0
"2181",0,0,0
"2182",0,0,0
"2184",0,0,0
"219",0,0,0
"2194",0,0,0
"220",-1,-1,-1
"2203",0,0,0
"221",-1,0,-1
"221823",-1,-1,-1
"222",-1,-1,-1
"2222",1,1,1
"2224",1,1,1
"222537",0,0,0
"223",1,1,1
"22305",0,0,0
"2235",0,0,0
"224",0,0,0
"226",1,1,1
"2271",1,1,1
"22856",1,1,1
"229",-1,-1,-1
"22928",1,1,1
"22929",0,0,0
"22934",0,0,0
"22978",0,0,0
"230",0,0,0
"23007",-1,-1,-1
"23057",-1,-1,-1
"231",1,1,1
"23169",0,0,0
"23236",0,0,0
"23315",0,0,0
"23382",0,0,0
"23396",0,0,0
"23417",0,0,0
"23428",0,0,0
"23439",-1,-1,-1
"23443",0,0,0
"23464",0,0,0
"23475",-1,0,-1
"23478",1,1,1
"2348",-1,-1,-1
"23483",0,0,0
"23498",0,0,0
"2351",0,0,0
"2352",0,0,0
"23530",1,1,1
"23533",0,0,0
"23539",-1,-1,-1
"23545",0,0,0
"23556",0,0,0
"2356",0,0,0
"23563",0,0,0
"23600",0,0,0
"23632",0,0,0
"23657",0,0,0
"23743",-1,-1,-1
"23761",0,0,0
"239",-1,-1,-1
"240",0,0,0
"242",-1,-1,-1
"245972",0,0,0
"245973",0,0,0
"246",-1,-1,-1
"246213",0,0,0
"247",-1,-1,-1
"248",-1,-1,-1
"249",-1,-1,-1
"250",-1,-1,-1
"251",0,0,0
"2517",0,1,1
"2519",0,0,0
"2523",-1,0,-1
"2525",-1,-1,-1
"2530",0,0,0
"2531",0,0,0
"253430",0,0,0
"2538",-1,-1,-1
"2539",0,0,0
"2542",0,0,0
"2544",0,0,0
"2548",0,0,0
"256435",0,0,0
"257068",0,0,0
"2571",-1,0,0
"2572",-1,-1,-1
"257202",0,0,0
"25769",-1,0,0
"25796",0,0,0
"2581",0,0,0
"2582",0,0,0
"2583",0,0,0
"2584",0,0,0
"2585",0,0,0
"2588",0,0,0
"2589",1,1,1
"2590",0,0,0
"25902",0,0,0
"2591",0,0,0
"2592",0,0,0
"259230",0,0,0
"2593",0,0,0
"2595",0,0,0
"2597",1,1,1
"26",-1,-1,-1
"26002",-1,-1,-1
"26035",0,0,0
"26062",0,0,0
"2618",0,0,0
"262",1,1,1
"26227",0,1,1
"26229",0,0,0
"26237",0,0,0
"26266",0,0,0
"26275",1,1,1
"26279",-1,-1,-1
"2628",1,0,0
"26289",-1,-1,-1
"2629",0,0,0
"26290",-1,-1,-1
"26301",0,0,0
"2632",1,1,1
"26330",-1,-1,-1
"2639",0,0,0
"2643",1,1,1
"2645",-1,-1,-1
"2650",0,0,0
"26503",0,0,0
"2651",-1,-1,-1
"2653",0,0,0
"2655",0,0,0
"266722",0,0,0
"2673",1,1,1
"2678",0,0,-1
"2679",0,0,0
"2683",0,0,0
"2687",0,0,0
"26873",-1,-1,-1
"270",1,1,1
"27010",0,0,0
"27034",1,1,1
"27068",1,1,1
"27087",0,0,0
"27089",1,1,1
"271",0,0,0
"2710",0,0,0
"27115",-1,-1,-1
"2712",-1,-1,-1
"27124",0,0,0
"2713",0,0,0
"27159",-1,-1,-1
"27165",-1,0,0
"2717",0,1,0
"272",0,0,0
"2720",1,1,1
"27232",0,0,0
"27235",0,0,0
"2729",0,0,0
"2730",0,0,0
"27306",-1,-1,-1
"2731",1,1,1
"27349",0,0,0
"2739",1,1,1
"27430",1,1,1
"2744",1,1,1
"2745",0,0,0
"2746",1,1,1
"2747",0,0,0
"275",0,0,0
"2752",0,0,0
"276",0,0,0
"2762",0,0,0
"2766",-1,-1,-1
"277",0,0,0
"278",0,0,0
"279",0,0,0
"2799",0,0,0
"28",-1,-1,-1
"280",0,0,0
"2805",1,1,1
"2806",1,1,1
"2819",-1,-1,-1
"2820",-1,-1,-1
"2821",1,1,1
"28231",1,1,1
"28232",0,0,0
"28234",-1,-1,-1
"284098",0,0,0
"284111",0,0,0
"284129",0,0,0
"284208",0,0,0
"284273",0,0,0
"285216",0,0,0
"286016",0,0,0
"286297",0,0,0
"2875",0,0,0
"2876",0,0,0
"2877",0,0,0
"2878",-1,-1,-1
"2879",1,1,1
"28972",1,1,1
"28976",0,0,0
"290",-1,-1,-1
"291",0,0,0
"29124",-1,-1,-1
"292",1,1,1
"293",1,1,1
"2936",0,0,0
"2937",0,1,1
"2944",0,0,0
"2954",0,0,0
"2974",-1,-1,-1
"2977",0,0,0
"29796",1,1,1
"2982",1,0,1
"2983",0,0,0
"2984",-1,-1,-1
"2986",-1,-1,-1
"2987",1,1,1
"29880",1,1,1
"2990",1,1,1
"29906",-1,-1,-1
"2992",1,1,1
"29920",0,0,0
"29922",1,0,1
"29925",1,0,1
"29926",0,0,0
"29929",1,1,1
"29958",0,0,0
"29968",1,1,1
"2997",0,1,0
"2998",-1,-1,-1
"29988",0,0,0
"30",0,0,0
"3000",-1,-1,-1
"3028",1,1,1
"3029",0,0,0
"3030",1,1,1
"3032",1,1,1
"3033",1,1,1
"3034",-1,-1,-1
"3036",-1,-1,-1
"3037",-1,-1,-1
"3038",0,0,0
"3067",-1,-1,-1
"3073",1,1,1
"3074",1,1,1
"3081",-1,-1,-1
"30814",-1,-1,-1
"30815",0,0,0
"30833",0,0,0
"3098",0,0,0
"3099",0,0,0
"31",0,0,0
"3101",0,0,0
"314",-1,-1,-1
"3141",0,0,0
"3145",1,1,1
"3155",0,0,0
"3156",0,0,0
"3157",0,0,0
"3158",-1,-1,-1
"316",-1,-1,-1
"3162",1,1,1
"3163",0,0,0
"3176",-1,-1,-1
"3177",-1,-1,-1
"318",0,0,0
"32",-1,0,0
"3242",-1,-1,-1
"3251",1,1,1
"3283",-1,-1,-1
"3284",-1,-1,-1
"3290",-1,0,0
"3291",-1,-1,-1
"3292",-1,-1,-1
"3293",-1,-1,-1
"3294",-1,-1,-1
"3295",1,1,1
"3340",0,0,0
"337876",0,0,0
"34",1,1,1
"3417",1,0,1
"3418",1,1,1
"3419",1,1,1
"341947",0,0,0
"3420",1,1,1
"3421",1,1,1
"3422",1,1,1
"3423",0,0,0
"3425",-1,-1,0
"343",0,0,0
"347734",0,0,0
"348477",0,0,0
"349565",0,0,0
"35",0,0,0
"353",1,1,1
"36",0,0,0
"3612",1,1,1
"3613",0,0,0
"3614",1,1,1
"3615",1,1,1
"3620",-1,-1,-1
"3628",0,0,0
"3631",1,0,1
"3632",0,0,0
"3633",0,0,0
"3635",0,0,0
"3636",0,0,0
"3658",0,0,0
"366",-1,0,-1
"3704",1,1,1
"3706",0,0,0
"3707",0,0,0
"3712",0,0,0
"374291",1,1,1
"374907",0,0,0
"376497",0,0,0
"377677",0,0,0
"3795",0,0,0
"38",1,1,1
"383",-1,-1,-1
"384",-1,0,-1
"387893",0,0,0
"389015",0,0,0
"39",0,0,0
"3906",-1,-1,-1
"3931",0,0,0
"3938",-1,-1,-1
"3939",0,0,0
"3945",1,1,1
"3948",0,0,0
"3990",-1,-1,-1
"3992",0,0,0
"4023",-1,-1,-1
"4047",0,0,0
"4048",1,1,1
"4051",0,0,0
"4056",0,0,0
"410",0,0,0
"411",0,0,0
"412",0,0,0
"4121",1,1,1
"4122",0,0,0
"4123",0,0,0
"4124",1,1,1
"4125",0,0,0
"4126",0,0,0
"4128",-1,-1,-1
"4129",-1,-1,-1
"4143",0,0,0
"4144",1,0,1
"4166",0,0,0
"4190",1,1,1
"4191",1,1,1
"4199",0,0,0
"4200",1,1,1
"4245",1,1,1
"4247",1,1,1
"4248",0,0,0
"4249",0,0,0
"4258",0,0,0
"4259",1,1,1
"427",1,1,1
"43",-1,-1,-1
"4329",0,0,0
"435",0,0,0
"4351",0,0,0
"4353",-1,-1,-1
"4357",0,0,0
"4363",0,0,0
"438",-1,-1,-1
"440",0,0,0
"443",-1,-1,-1
"445",-1,-1,-1
"4507",0,0,0
"4512",0,0,0
"4513",0,0,0
"4514",0,0,0
"4519",0,0,0
"4522",1,1,1
"4524",0,0,0
"4535",0,0,0
"4536",0,0,0
"4537",0,0,0
"4538",0,0,0
"4539",0,0,0
"4540",0,0,0
"4541",0,0,0
"4548",0,0,0
"4594",0,0,0
"4597",0,0,0
"4598",0,0,0
"4668",0,0,0
"4669",0,0,0
"4694",1,1,1
"4695",1,1,1
"4696",1,1,1
"4697",1,1,1
"4698",1,1,1
"47",1,1,1
"4700",1,1,1
"4701",1,1,1
"4702",1,1,1
"4704",1,1,1
"4705",1,1,1
"4706",1,1,1
"4707",1,1,1
"4708",1,1,1
"4709",1,1,1
"471",1,1,1
"4710",1,1,1
"4711",1,1,1
"4712",1,1,1
"4713",1,1,1
"4714",0,0,0
"4715",0,0,0
"4716",0,0,0
"4717",1,1,1
"4718",1,1,1
"4719",1,1,1
"4720",1,1,1
"4722",1,1,1
"4723",1,1,1
"4724",1,1,1
"4725",1,1,1
"4726",1,1,1
"4728",1,1,1
"4729",0,0,0
"4731",0,0,0
"4758",1,1,1
"4759",-1,-1,-1
"476",1,1,1
"477",-1,-1,-1
"478",-1,-1,-1
"48",0,0,0
"480",0,0,0
"481",0,0,0
"482",-1,-1,-1
"483",1,1,1
"4830",1,1,1
"4831",0,0,0
"4832",1,1,1
"4833",1,1,1
"4837",-1,-1,-1
"4842",0,0,0
"4843",0,0,0
"4844",0,0,0
"4845",0,0,0
"4846",-1,-1,-1
"4860",1,1,1
"4881",0,0,0
"4882",-1,-1,-1
"490",0,0,0
"4905",1,1,1
"4907",0,0,0
"491",-1,-1,-1
"492",-1,-1,-1
"493",0,0,0
"4942",1,1,1
"495",-1,-1,-1
"4952",0,0,0
"4953",1,1,1
"496",-1,-1,-1
"4967",0,0,0
"498",1,1,1
"50",1,1,1
"5009",-1,-1,-1
"501",-1,-1,-1
"5019",1,1,1
"5033",1,1,1
"5034",1,1,1
"5048",0,0,0
"50487",-1,-1,-1
"5049",0,0,0
"5050",1,1,1
"50506",-1,-1,-1
"5051",0,0,0
"50515",0,0,0
"5052",1,1,1
"5053",-1,-1,-1
"506",1,1,1
"50614",0,0,0
"50617",-1,-1,-1
"50700",-1,-1,-1
"50808",0,0,0
"50814",1,1,1
"509",1,1,1
"5091",0,0,0
"5092",0,0,0
"50940",-1,-1,-1
"5095",-1,-1,-1
"5096",1,1,1
"51",0,0,0
"51004",0,0,0
"51005",0,0,0
"51022",1,1,1
"5105",-1,-1,-1
"5106",0,0,0
"51079",1,1,1
"51109",1,0,1
"51146",-1,-1,-1
"51166",0,0,0
"51179",-1,-1,-1
"51181",1,1,1
"51196",-1,-1,-1
"51227",1,1,1
"51251",0,0,0
"51268",-1,-1,-1
"51292",0,1,0
"513",1,1,1
"5130",0,0,0
"51301",-1,-1,-1
"51302",-1,-1,-1
"5136",-1,-1,-1
"5137",-1,-1,-1
"5138",-1,-1,-1
"51380",-1,-1,-1
"51382",1,1,1
"5139",-1,-1,-1
"514",0,0,0
"5140",0,0,0
"5141",0,0,0
"5142",-1,-1,-1
"5143",0,0,0
"5144",0,0,0
"51447",0,0,0
"5145",-1,-1,-1
"5146",-1,-1,-1
"5147",0,0,0
"51477",0,0,0
"51478",0,0,0
"5148",0,0,0
"5149",-1,-1,-1
"515",1,1,1
"5150",0,0,0
"5151",0,0,0
"5152",-1,-1,-1
"5153",-1,0,-1
"51540",0,0,0
"51557",-1,-1,-1
"5158",-1,-1,-1
"516",1,1,1
"5160",1,1,1
"51604",1,1,1
"51606",1,1,1
"5161",-1,-1,-1
"5162",1,1,1
"5167",-1,-1,-1
"5168",-1,-1,-1
"5169",0,0,0
"517",1,1,1
"51703",0,0,0
"5172",-1,-1,-1
"51727",1,1,1
"51733",-1,-1,-1
"518",1,1,1
"51805",1,0,0
"51809",0,0,0
"5198",1,1,1
"52",1,1,1
"5207",-1,-1,-1
"5208",-1,-1,-1
"5209",0,0,0
"521",1,1,1
"5210",0,-1,-1
"5211",0,0,0
"5213",1,1,1
"5214",1,1,1
"522",1,1,1
"5223",0,0,0
"5224",-1,-1,-1
"5226",1,1,1
"523",1,0,1
"5230",1,1,1
"5232",-1,-1,-1
"5236",1,1,1
"5238",0,0,0
"5240",0,0,0
"5244",-1,-1,-1
"525",0,0,0
"5250",1,1,1
"526",1,1,1
"5264",0,0,0
"527",1,1,1
"5277",0,0,0
"5279",1,1,1
"528",0,0,0
"5281",0,0,0
"5283",0,0,0
"5286",1,1,1
"5287",0,0,0
"5288",-1,-1,-1
"5289",0,0,0
"529",1,1,1
"5290",0,0,0
"5291",0,0,0
"5293",0,0,0
"5294",0,0,0
"5295",0,0,0
"5296",0,0,0
"5297",0,0,0
"5298",0,0,0
"53",0,0,0
"5305",0,0,0
"5313",-1,-1,-1
"5315",0,1,1
"5319",-1,-1,-1
"5320",0,0,0
"5321",0,0,0
"5322",-1,-1,-1
"533",1,1,1
"5330",0,0,0
"5331",0,0,0
"5332",-1,-1,-1
"5333",0,0,0
"5334",-1,-1,-1
"53343",1,0,1
"5335",0,0,0
"53354",0,0,0
"5336",1,1,1
"5337",-1,-1,-1
"5338",0,0,0
"534",-1,-1,-1
"535",0,0,0
"5351",0,0,0
"5352",0,0,0
"53630",-1,-1,-1
"5372",0,0,0
"5373",1,0,0
"53905",-1,-1,-1
"53919",-1,-1,-1
"53947",0,0,0
"5406",-1,-1,-1
"5407",0,0,0
"5408",-1,-1,-1
"5409",0,0,0
"54187",1,1,1
"54344",1,1,1
"54363",-1,-1,-1
"54407",1,1,1
"54480",0,0,0
"54490",0,0,0
"54511",0,0,0
"54575",0,0,0
"54576",-1,-1,-1
"5464",1,1,1
"54675",0,0,0
"54677",0,0,0
"54682",-1,-1,-1
"5471",1,1,1
"5476",1,1,1
"54872",0,0,0
"549",1,0,0
"54965",0,0,0
"5498",0,0,0
"54981",0,0,0
"55089",-1,-1,-1
"55163",1,1,1
"55191",0,0,0
"55217",0,0,0
"55224",-1,-1,-1
"55229",0,0,0
"55268",0,0,0
"55276",0,0,0
"55293",0,0,0
"55301",-1,-1,-1
"55312",1,0,0
"55315",0,0,0
"55326",1,1,1
"55343",0,0,0
"55349",0,0,0
"55350",-1,-1,-1
"55361",0,0,0
"55454",0,0,0
"55500",0,0,0
"55501",1,0,1
"55512",0,0,0
"55568",0,0,0
"55577",1,1,1
"55586",0,0,0
"55650",0,0,0
"55790",0,0,0
"55808",0,0,0
"55811",-1,-1,-1
"55902",0,0,0
"55907",0,0,0
"55967",0,0,0
"56052",0,0,0
"5625",-1,0,-1
"56301",-1,-1,-1
"5631",1,1,1
"5634",1,1,1
"56474",-1,-1,-1
"56548",0,0,0
"56606",0,0,0
"56623",0,0,0
"56848",0,0,0
"56894",0,0,0
"56895",-1,-1,-1
"56913",0,0,0
"56922",0,0,0
"56953",0,0,0
"56994",0,0,0
"570",-1,-1,-1
"57026",0,0,0
"57030",0,0,0
"57084",-1,-1,-1
"57127",0,0,0
"57134",0,0,0
"57171",0,0,0
"57194",0,0,0
"5723",0,0,0
"5728",1,1,1
"57282",0,0,0
"5730",0,0,0
"57379",-1,-1,-1
"5740",-1,-1,-1
"57419",-1,-1,-1
"5742",-1,0,0
"5743",-1,-1,-1
"57468",-1,-1,-1
"57665",0,0,0
"57678",0,0,0
"57733",-1,-1,-1
"57818",-1,-1,-1
"57835",-1,-1,-1
"5805",1,1,1
"5831",1,0,0
"5832",1,0,0
"5833",0,0,0
"5834",0,0,0
"5836",-1,0,0
"5837",-1,-1,0
"58508",0,0,0
"58510",0,0,0
"586",-1,-1,-1
"5860",1,1,1
"587",0,0,0
"593",0,0,0
"594",0,0,0
"5959",0,0,0
"5973",0,0,0
"6005",-1,-1,-1
"60386",0,0,0
"60482",-1,-1,-1
"60490",1,1,1
"60559",1,1,1
"6120",0,0,0
"6184",1,1,1
"6185",1,1,1
"622",0,0,0
"6240",1,0,1
"6241",1,1,1
"6303",0,1,0
"6307",1,0,1
"6309",0,0,0
"6319",0,0,0
"6342",1,1,1
"635",-1,-1,-1
"6389",0,0,0
"6390",1,1,1
"6391",0,0,0
"63917",0,0,0
"6392",1,1,1
"64064",0,0,0
"64078",-1,-1,-1
"64080",0,0,0
"64087",1,1,1
"64131",0,1,0
"64132",0,0,0
"644",0,0,0
"6448",0,0,0
"645",0,1,1
"64579",-1,-1,-1
"64600",-1,-1,-1
"6470",0,0,0
"64711",0,0,0
"6472",1,1,1
"6476",-1,-1,-1
"64772",0,0,0
"64781",1,1,1
"6480",0,0,0
"64802",0,0,0
"64816",-1,-1,-1
"6482",0,0,0
"6483",0,0,0
"6484",0,0,0
"64841",0,0,0
"64849",0,0,0
"64850",-1,-1,-1
"6487",0,0,0
"6489",-1,-1,-1
"64902",0,0,0
"65010",0,0,0
"6505",-1,-1,-1
"6506",-1,-1,-1
"6507",-1,0,-1
"6508",-1,-1,-1
"6509",1,0,1
"6510",0,0,0
"6511",-1,-1,-1
"6512",0,0,-1
"6513",0,0,0
"6514",-1,-1,-1
"6515",-1,-1,-1
"6517",-1,-1,-1
"6518",1,1,1
"6519",-1,-1,-1
"6520",1,1,1
"6521",0,0,0
"6522",0,0,0
"65220",0,0,0
"6523",-1,-1,-1
"6524",0,0,0
"6526",0,0,0
"65263",0,0,0
"6528",0,0,0
"6529",-1,-1,-1
"6530",-1,-1,-1
"6531",0,0,0
"6532",-1,-1,-1
"6533",-1,-1,-1
"6534",0,0,0
"6535",0,0,0
"6536",-1,-1,-1
"6537",1,1,1
"6538",0,0,0
"6539",-1,-1,-1
"6540",0,0,0
"6541",0,0,0
"6542",-1,-1,-1
"6543",-1,-1,-1
"6546",-1,-1,-1
"6547",0,0,0
"6548",0,0,0
"6549",-1,-1,-1
"6550",-1,-1,-1
"6553",0,0,0
"6554",-1,-1,-1
"6555",-1,-1,-1
"6557",-1,-1,-1
"6558",0,0,0
"6559",0,0,0
"6560",0,0,0
"6561",-1,-1,-1
"6563",-1,-1,-1
"6565",-1,-1,-1
"6566",0,0,0
"6567",-1,-1,-1
"6568",-1,-1,-1
"6569",-1,-1,-1
"6570",-1,-1,-1
"6571",-1,-1,-1
"6572",-1,-1,-1
"6573",0,0,0
"6574",1,1,1
"6575",0,0,0
"6576",0,0,0
"6578",-1,-1,-1
"6579",-1,-1,-1
"6580",0,-1,-1
"6581",-1,-1,-1
"6582",-1,-1,-1
"6583",0,1,1
"6584",0,0,0
"65985",1,1,1
"66002",0,0,0
"66035",0,0,0
"6611",0,0,0
"6646",0,0,0
"6647",1,1,1
"6648",0,0,0
"6649",0,0,0
"6652",0,0,0
"6675",1,1,1
"669",0,0,0
"6697",1,1,1
"6713",0,0,0
"6715",0,1,0
"6716",-1,-1,-1
"6718",-1,-1,-1
"6723",1,1,1
"6783",-1,-1,-1
"6785",0,0,0
"6799",0,0,0
"6817",0,0,0
"6818",0,0,0
"6820",-1,0,-1
"6821",0,0,0
"6822",-1,-1,-1
"6839",0,0,0
"686",0,0,0
"6888",1,1,1
"6898",-1,-1,-1
"6916",-1,-1,-1
"6999",-1,0,-1
"7001",1,1,1
"7054",-1,-1,-1
"7083",1,1,1
"7084",0,0,0
"7086",1,1,1
"7108",0,0,0
"7166",0,0,0
"7167",1,1,1
"7173",-1,-1,-1
"7263",0,1,0
"7264",0,0,0
"7296",1,1,1
"7298",1,1,1
"7299",-1,0,-1
"7306",-1,-1,-1
"7350",-1,-1,-1
"7351",0,0,0
"7352",-1,-1,-1
"7355",0,0,0
"7357",0,0,0
"7358",0,0,0
"7359",0,0,0
"7360",1,1,1
"7363",-1,-1,-1
"7364",0,0,0
"7367",-1,-1,-1
"7371",1,1,1
"7372",0,0,0
"7378",0,0,0
"7381",1,1,1
"7384",1,1,1
"7385",1,1,1
"7386",0,0,0
"7388",0,0,0
"7389",1,1,1
"7390",0,0,0
"7498",0,0,0
"759",0,0,0
"760",0,0,0
"761",-1,-1,-1
"762",-1,-1,-1
"763",-1,-1,-1
"766",0,0,0
"768",0,0,0
"771",-1,-1,-1
"7841",0,0,0
"788",1,1,1
"790",0,0,0
"79053",1,1,1
"79087",0,0,0
"7915",0,0,0
"79178",0,0,0
"7923",1,0,0
"79369",0,0,0
"7941",-1,-1,-1
"79586",0,0,0
"79623",0,1,0
"79646",0,0,0
"79695",-1,-1,-1
"79717",1,1,1
"79723",0,0,0
"79751",0,0,0
"79813",-1,-1,-1
"79814",0,0,0
"79837",0,0,0
"79896",-1,-1,-1
"79901",-1,-1,-1
"7991",-1,-1,-1
"80025",0,0,0
"80055",-1,-1,-1
"80068",0,0,0
"80142",0,0,0
"80146",0,0,0
"80150",0,0,0
"80162",0,0,0
"80168",0,0,0
"80201",-1,-1,-1
"80235",0,0,0
"80270",0,0,0
"80271",0,0,0
"80308",1,1,1
"8034",0,0,0
"80347",0,0,0
"8050",1,1,1
"80704",-1,-1,-1
"80724",0,0,0
"80854",0,0,0
"81031",-1,-1,-1
"8140",1,1,1
"81490",0,0,0
"81537",0,0,0
"81539",1,1,1
"81579",0,0,0
"8170",-1,-1,-1
"81849",-1,-1,-1
"8228",0,0,0
"8277",-1,-1,-1
"8288",-1,-1,-1
"8309",-1,-1,-1
"8310",0,0,0
"83549",0,0,0
"83697",0,0,0
"83733",0,0,0
"83852",0,0,0
"83884",0,0,0
"8394",0,0,0
"8395",0,0,0
"8396",0,0,0
"8398",0,0,0
"8399",-1,-1,-1
"84002",0,0,0
"8402",1,1,1
"84076",0,0,0
"84129",0,0,0
"8424",-1,-1,-1
"84264",0,0,0
"8443",1,1,1
"84444",0,0,0
"84532",0,0,0
"84649",0,0,0
"84679",-1,-1,-1
"84693",0,0,0
"847",1,1,1
"84701",0,0,0
"84706",0,0,0
"84720",0,0,0
"84735",0,0,0
"84812",0,0,0
"84889",0,0,0
"84912",0,0,0
"84920",0,0,0
"8501",0,0,0
"8503",0,0,0
"8509",0,0,0
"8513",-1,-1,-1
"8525",1,1,1
"8526",-1,-1,-1
"8527",0,0,0
"8528",0,0,0
"8529",0,0,0
"8534",0,0,0
"85365",0,0,0
"8540",0,0,0
"8560",1,1,1
"8564",-1,-1,-1
"8566",0,0,0
"8574",0,1,1
"8604",0,0,0
"8608",0,0,0
"8611",0,0,0
"8612",0,0,0
"8613",-1,-1,-1
"8622",-1,-1,-1
"8639",-1,-1,-1
"8647",-1,-1,-1
"8654",-1,-1,-1
"8659",0,0,0
"8671",-1,-1,-1
"8693",0,0,0
"8694",0,0,0
"8703",1,1,1
"8704",0,0,0
"8705",0,0,0
"8706",-1,-1,-1
"8714",-1,-1,-1
"873",1,1,1
"8733",0,0,0
"875",0,0,0
"8760",0,0,0
"8781",0,0,0
"8789",-1,0,0
"8790",0,0,0
"8801",1,1,1
"8802",1,1,1
"8803",0,0,0
"8813",1,1,1
"8818",0,0,0
"8821",-1,-1,-1
"8824",0,0,0
"883",0,0,0
"8833",0,0,0
"8836",1,1,1
"8854",-1,-1,-1
"8867",0,0,0
"8869",1,1,1
"8871",0,0,0
"8875",-1,-1,-1
"8876",-1,-1,-1
"8879",0,0,0
"8884",0,0,0
"8897",0,0,0
"8908",-1,-1,-1
"8942",-1,-1,-1
"8972",-1,-1,-1
"8974",0,0,0
"8985",1,1,1
"89869",0,0,0
"89874",-1,-1,-1
"8992",1,1,1
"9016",1,1,1
"90161",0,0,0
"9023",-1,-1,-1
"90423",0,0,0
"9056",-1,-1,-1
"9057",0,0,0
"9058",0,-1,0
"9060",0,0,0
"9061",1,1,1
"90701",0,0,0
"9091",0,0,0
"9114",1,1,1
"9123",0,0,0
"91373",0,0,0
"9152",0,-1,-1
"9153",-1,-1,-1
"9154",-1,0,-1
"9162",-1,-1,-1
"9167",1,1,1
"91703",0,0,0
"91734",0,0,0
"9187",-1,-1,-1
"9194",0,0,0
"9197",1,0,0
"9227",-1,-1,-1
"9245",-1,-1,-1
"92483",-1,-1,-1
"92579",0,0,0
"92745",0,0,0
"9296",1,1,1
"93010",0,0,0
"93034",0,0,0
"93183",0,0,0
"9334",0,0,0
"9348",-1,-1,-1
"9377",1,1,1
"9380",1,1,1
"9388",-1,-1,-1
"9394",0,0,0
"94005",0,0,0
"9415",0,0,0
"9420",-1,-1,-1
"9435",0,0,0
"9453",0,0,0
"9468",-1,-1,-1
"9469",-1,-1,-1
"9481",0,0,0
"9487",0,0,0
"9488",0,0,0
"9489",0,0,0
"9497",0,0,0
"9498",-1,-1,-1
"95",0,0,0
"9514",0,0,0
"9517",0,0,0
"952",1,1,1
"953",-1,-1,-1
"9536",0,0,-1
"954",0,-1,-1
"955",0,0,0
"9550",1,1,1
"9551",1,1,1
"956",-1,-1,-1
"9563",0,0,0
"957",0,-1,-1
"9583",0,0,0
"9615",0,0,0
"9651",0,0,0
"9653",0,0,0
"97",0,1,1
"978",-1,-1,-1
"9789",0,0,0
"9791",1,1,1
"98",0,0,0
"9807",0,0,0
"9869",0,0,0
"9942",-1,-1,-1
"9945",-1,-1,-1
"9951",0,0,0
"9952",0,0,0
"9953",-1,-1,-1
"9954",0,0,0
"9955",0,0,0
"9956",-1,-1,-1
"9957",-1,-1,-1
"9962",0,0,0
"9963",0,0,0
"9990",0,0,0
